----------------------------------------------------------------------------------------------------
Apprxoimation vsdim (a=7)
----------------------------------------------------------------------------------------------------

----------------------------------------------------------------------------------------------------
FCICO
----------------------------------------------------------------------------------------------------

----------------------------------------------------------------------------------------------------
Bézout
----------------------------------------------------------------------------------------------------
1 49
2 2401
3 117649
4 5764801
5 282475249
6 13841287201
7 678223072849
8 33232930569601
9 1628413597910449
10 79792266297612001

----------------------------------------------------------------------------------------------------
Multihomogeneous Bézout
----------------------------------------------------------------------------------------------------
1 49
2 2401
3 117649
4 5764801
5 282475249
6 13841287201
7 678223072849
8 33232930569601
9 1628413597910449
10 79792266297612001

----------------------------------------------------------------------------------------------------
Conjecture
----------------------------------------------------------------------------------------------------
1 9
2 81
3 729
4 6561
5 59049
6 531441
7 4782969
8 43046721
9 387420489
10 3486784401

----------------------------------------------------------------------------------------------------
Experimental data points: p = 65537
----------------------------------------------------------------------------------------------------
1 9
2 81
3 729
4 6561

----------------------------------------------------------------------------------------------------
PCICO
----------------------------------------------------------------------------------------------------

----------------------------------------------------------------------------------------------------
Bézout
----------------------------------------------------------------------------------------------------
1 14
2 147
3 1372
4 13720
5 164640
6 2304960
7 36879360
8 663828480
9 13276569600
10 292084531200

----------------------------------------------------------------------------------------------------
Multihomogeneous Bézout
----------------------------------------------------------------------------------------------------
1 11
2 121
3 1331
4 13720
5 150920
6 1660120
7 18261320
8 200874520
9 2209619720
10 24305816920

----------------------------------------------------------------------------------------------------
Conjecture
----------------------------------------------------------------------------------------------------
1 9
2 81
3 729
4 6561
5 59049
6 531441
7 4782969
8 43046721
9 387420489
10 3486784401

----------------------------------------------------------------------------------------------------
Experimental data points: p = 65537
----------------------------------------------------------------------------------------------------
1 9
2 81
3 729
4 6561

