----------------------------------------------------------------------------------------------------
Apprxoimation vsdim (a=5)
----------------------------------------------------------------------------------------------------

----------------------------------------------------------------------------------------------------
FCICO
----------------------------------------------------------------------------------------------------

----------------------------------------------------------------------------------------------------
Bézout
----------------------------------------------------------------------------------------------------
1 25
2 625
3 15625
4 390625
5 9765625
6 244140625
7 6103515625
8 152587890625
9 3814697265625
10 95367431640625

----------------------------------------------------------------------------------------------------
Multihomogeneous Bézout
----------------------------------------------------------------------------------------------------
1 25
2 625
3 15625
4 390625
5 9765625
6 244140625
7 6103515625
8 152587890625
9 3814697265625
10 95367431640625

----------------------------------------------------------------------------------------------------
Conjecture
----------------------------------------------------------------------------------------------------
1 7
2 49
3 343
4 2401
5 16807
6 117649
7 823543
8 5764801
9 40353607
10 282475249

----------------------------------------------------------------------------------------------------
Experimental data points: p = 65537
----------------------------------------------------------------------------------------------------
1 7
2 49
3 343
4 2401
5 16807

----------------------------------------------------------------------------------------------------
PCICO
----------------------------------------------------------------------------------------------------

----------------------------------------------------------------------------------------------------
Bézout
----------------------------------------------------------------------------------------------------
1 10
2 75
3 600
4 6000
5 72000
6 1008000
7 16128000
8 290304000
9 5806080000
10 127733760000

----------------------------------------------------------------------------------------------------
Multihomogeneous Bézout
----------------------------------------------------------------------------------------------------
1 9
2 75
3 600
4 5400
5 48600
6 437400
7 3936600
8 35429400
9 318864600
10 2869781400

----------------------------------------------------------------------------------------------------
Conjecture
----------------------------------------------------------------------------------------------------
1 7
2 49
3 343
4 2401
5 16807
6 117649
7 823543
8 5764801
9 40353607
10 282475249

----------------------------------------------------------------------------------------------------
Experimental data points: p = 65537
----------------------------------------------------------------------------------------------------
1 7
2 49
3 343
4 2401
5 16807

