----------------------------------------------------------------------------------------------------
Apprxoimation vsdim (a=3)
----------------------------------------------------------------------------------------------------

----------------------------------------------------------------------------------------------------
FCICO
----------------------------------------------------------------------------------------------------

----------------------------------------------------------------------------------------------------
Bézout
----------------------------------------------------------------------------------------------------
1 9
2 81
3 729
4 6561
5 59049
6 531441
7 4782969
8 43046721
9 387420489
10 3486784401

----------------------------------------------------------------------------------------------------
Multihomogeneous Bézout
----------------------------------------------------------------------------------------------------
1 9
2 81
3 729
4 6561
5 59049
6 531441
7 4782969
8 43046721
9 387420489
10 3486784401

----------------------------------------------------------------------------------------------------
Conjecture
----------------------------------------------------------------------------------------------------
1 5
2 25
3 125
4 625
5 3125
6 15625
7 78125
8 390625
9 1953125
10 9765625

----------------------------------------------------------------------------------------------------
Experimental data points: p = 65537
----------------------------------------------------------------------------------------------------
1 5
2 25
3 125
4 625
5 3125
6 15625

----------------------------------------------------------------------------------------------------
PCICO
----------------------------------------------------------------------------------------------------

----------------------------------------------------------------------------------------------------
Bézout
----------------------------------------------------------------------------------------------------
1 6
2 36
3 288
4 2880
5 34560
6 483840
7 7741440
8 139345920
9 2786918400
10 61312204800

----------------------------------------------------------------------------------------------------
Multihomogeneous Bézout
----------------------------------------------------------------------------------------------------
1 6
2 36
3 252
4 1764
5 12348
6 86436
7 605052
8 4235364
9 29647548
10 207532836

----------------------------------------------------------------------------------------------------
Conjecture
----------------------------------------------------------------------------------------------------
1 5
2 25
3 125
4 625
5 3125
6 15625
7 78125
8 390625
9 1953125
10 9765625

----------------------------------------------------------------------------------------------------
Experimental data points: p = 65537
----------------------------------------------------------------------------------------------------
1 5
2 25
3 125
4 625
5 3125
6 15625

