----------------------------------------------------------------------------------------------------
Apprxoimation vsdim (a=11)
----------------------------------------------------------------------------------------------------

----------------------------------------------------------------------------------------------------
FCICO
----------------------------------------------------------------------------------------------------

----------------------------------------------------------------------------------------------------
Bézout
----------------------------------------------------------------------------------------------------
1 121
2 14641
3 1771561
4 214358881
5 25937424601
6 3138428376721
7 379749833583241
8 45949729863572161
9 5559917313492231481
10 672749994932560009201

----------------------------------------------------------------------------------------------------
Multihomogeneous Bézout
----------------------------------------------------------------------------------------------------
1 121
2 14641
3 1771561
4 214358881
5 25937424601
6 3138428376721
7 379749833583241
8 45949729863572161
9 5559917313492231481
10 672749994932560009201

----------------------------------------------------------------------------------------------------
Conjecture
----------------------------------------------------------------------------------------------------
1 13
2 169
3 2197
4 28561
5 371293
6 4826809
7 62748517
8 815730721
9 10604499373
10 137858491849

----------------------------------------------------------------------------------------------------
Experimental data points: p = 65537
----------------------------------------------------------------------------------------------------
1 13
2 169
3 2197

----------------------------------------------------------------------------------------------------
PCICO
----------------------------------------------------------------------------------------------------

----------------------------------------------------------------------------------------------------
Bézout
----------------------------------------------------------------------------------------------------
1 22
2 363
3 5324
4 73205
5 966306
6 13528284
7 216452544
8 3896145792
9 77922915840
10 1714304148480

----------------------------------------------------------------------------------------------------
Multihomogeneous Bézout
----------------------------------------------------------------------------------------------------
1 15
2 225
3 3375
4 50625
5 759375
6 11390625
7 170859375
8 2562890625
9 38443359375
10 576650390625

----------------------------------------------------------------------------------------------------
Conjecture
----------------------------------------------------------------------------------------------------
1 13
2 169
3 2197
4 28561
5 371293
6 4826809
7 62748517
8 815730721
9 10604499373
10 137858491849

----------------------------------------------------------------------------------------------------
Experimental data points: p = 65537
----------------------------------------------------------------------------------------------------
1 13
2 169
3 2197
4 28561

