----------------------------------------------------------------------------------------------------
Conjectured number of rounds (s=128)
----------------------------------------------------------------------------------------------------

----------------------------------------------------------------------------------------------------
FCICO
----------------------------------------------------------------------------------------------------

----------------------------------------------------------------------------------------------------
N* from GB approximation: Approx
----------------------------------------------------------------------------------------------------
1.00 20
1.01 20
1.02 20
1.03 20
1.04 20
1.05 19
1.06 19
1.07 19
1.08 19
1.09 19
1.10 19
1.11 18
1.12 18
1.13 18
1.14 18
1.15 18
1.16 18
1.17 18
1.18 17
1.19 17
1.20 17
1.21 17
1.22 17
1.23 17
1.24 17
1.25 16
1.26 16
1.27 16
1.28 16
1.29 16
1.30 16
1.31 16
1.32 16
1.33 16
1.34 15
1.35 15
1.36 15
1.37 15
1.38 15
1.39 15
1.40 15
1.41 15
1.42 15
1.43 15
1.44 14
1.45 14
1.46 14
1.47 14
1.48 14
1.49 14
1.50 14
1.51 14
1.52 14
1.53 14
1.54 14
1.55 14
1.56 13
1.57 13
1.58 13
1.59 13
1.60 13
1.61 13
1.62 13
1.63 13
1.64 13
1.65 13
1.66 13
1.67 13
1.68 13
1.69 13
1.70 12
1.71 12
1.72 12
1.73 12
1.74 12
1.75 12
1.76 12
1.77 12
1.78 12
1.79 12
1.80 12
1.81 12
1.82 12
1.83 12
1.84 12
1.85 12
1.86 11
1.87 11
1.88 11
1.89 11
1.90 11
1.91 11
1.92 11
1.93 11
1.94 11
1.95 11
1.96 11
1.97 11
1.98 11
1.99 11
2.00 11
2.01 11
2.02 11
2.03 11
2.04 11
2.05 10
2.06 10
2.07 10
2.08 10
2.09 10
2.10 10
2.11 10
2.12 10
2.13 10
2.14 10
2.15 10
2.16 10
2.17 10
2.18 10
2.19 10
2.20 10
2.21 10
2.22 10
2.23 10
2.24 10
2.25 10
2.26 10
2.27 10
2.28 10
2.29 10
2.30 9
2.31 9
2.32 9
2.33 9
2.34 9
2.35 9
2.36 9
2.37 9
2.38 9
2.39 9
2.40 9
2.41 9
2.42 9
2.43 9
2.44 9
2.45 9
2.46 9
2.47 9
2.48 9
2.49 9
2.50 9
2.51 9
2.52 9
2.53 9
2.54 9
2.55 9
2.56 9
2.57 9
2.58 9
2.59 9
2.60 8
2.61 8
2.62 8
2.63 8
2.64 8
2.65 8
2.66 8
2.67 8
2.68 8
2.69 8
2.70 8
2.71 8
2.72 8
2.73 8
2.74 8
2.75 8
2.76 8
2.77 8
2.78 8
2.79 8
2.80 8
2.81 8
2.82 8
2.83 8
2.84 8
2.85 8
2.86 8
2.87 8
2.88 8
2.89 8
2.90 8
2.91 8
2.92 8
2.93 8
2.94 8
2.95 8
2.96 8
2.97 8
2.98 8
2.99 8
3.00 7

----------------------------------------------------------------------------------------------------
N* from GB Macaulay
----------------------------------------------------------------------------------------------------
1.00 14
1.01 14
1.02 14
1.03 13
1.04 13
1.05 13
1.06 13
1.07 13
1.08 13
1.09 13
1.10 13
1.11 13
1.12 12
1.13 12
1.14 12
1.15 12
1.16 12
1.17 12
1.18 12
1.19 12
1.20 12
1.21 12
1.22 12
1.23 11
1.24 11
1.25 11
1.26 11
1.27 11
1.28 11
1.29 11
1.30 11
1.31 11
1.32 11
1.33 11
1.34 11
1.35 11
1.36 10
1.37 10
1.38 10
1.39 10
1.40 10
1.41 10
1.42 10
1.43 10
1.44 10
1.45 10
1.46 10
1.47 10
1.48 10
1.49 10
1.50 10
1.51 10
1.52 10
1.53 9
1.54 9
1.55 9
1.56 9
1.57 9
1.58 9
1.59 9
1.60 9
1.61 9
1.62 9
1.63 9
1.64 9
1.65 9
1.66 9
1.67 9
1.68 9
1.69 9
1.70 9
1.71 9
1.72 9
1.73 9
1.74 8
1.75 8
1.76 8
1.77 8
1.78 8
1.79 8
1.80 8
1.81 8
1.82 8
1.83 8
1.84 8
1.85 8
1.86 8
1.87 8
1.88 8
1.89 8
1.90 8
1.91 8
1.92 8
1.93 8
1.94 8
1.95 8
1.96 8
1.97 8
1.98 8
1.99 8
2.00 8
2.01 8
2.02 7
2.03 7
2.04 7
2.05 7
2.06 7
2.07 7
2.08 7
2.09 7
2.10 7
2.11 7
2.12 7
2.13 7
2.14 7
2.15 7
2.16 7
2.17 7
2.18 7
2.19 7
2.20 7
2.21 7
2.22 7
2.23 7
2.24 7
2.25 7
2.26 7
2.27 7
2.28 7
2.29 7
2.30 7
2.31 7
2.32 7
2.33 7
2.34 7
2.35 7
2.36 7
2.37 7
2.38 7
2.39 7
2.40 6
2.41 6
2.42 6
2.43 6
2.44 6
2.45 6
2.46 6
2.47 6
2.48 6
2.49 6
2.50 6
2.51 6
2.52 6
2.53 6
2.54 6
2.55 6
2.56 6
2.57 6
2.58 6
2.59 6
2.60 6
2.61 6
2.62 6
2.63 6
2.64 6
2.65 6
2.66 6
2.67 6
2.68 6
2.69 6
2.70 6
2.71 6
2.72 6
2.73 6
2.74 6
2.75 6
2.76 6
2.77 6
2.78 6
2.79 6
2.80 6
2.81 6
2.82 6
2.83 6
2.84 6
2.85 6
2.86 6
2.87 6
2.88 6
2.89 6
2.90 6
2.91 6
2.92 6
2.93 6
2.94 6
2.95 5
2.96 5
2.97 5
2.98 5
2.99 5
3.00 5

----------------------------------------------------------------------------------------------------
N* from FGLM approximation
----------------------------------------------------------------------------------------------------
1.00 33
1.01 33
1.02 33
1.03 33
1.04 32
1.05 32
1.06 32
1.07 31
1.08 31
1.09 31
1.10 30
1.11 30
1.12 30
1.13 30
1.14 29
1.15 29
1.16 29
1.17 29
1.18 28
1.19 28
1.20 28
1.21 28
1.22 28
1.23 27
1.24 27
1.25 27
1.26 27
1.27 27
1.28 26
1.29 26
1.30 26
1.31 26
1.32 26
1.33 25
1.34 25
1.35 25
1.36 25
1.37 25
1.38 24
1.39 24
1.40 24
1.41 24
1.42 24
1.43 24
1.44 23
1.45 23
1.46 23
1.47 23
1.48 23
1.49 23
1.50 23
1.51 22
1.52 22
1.53 22
1.54 22
1.55 22
1.56 22
1.57 22
1.58 21
1.59 21
1.60 21
1.61 21
1.62 21
1.63 21
1.64 21
1.65 21
1.66 20
1.67 20
1.68 20
1.69 20
1.70 20
1.71 20
1.72 20
1.73 20
1.74 20
1.75 19
1.76 19
1.77 19
1.78 19
1.79 19
1.80 19
1.81 19
1.82 19
1.83 19
1.84 19
1.85 18
1.86 18
1.87 18
1.88 18
1.89 18
1.90 18
1.91 18
1.92 18
1.93 18
1.94 18
1.95 18
1.96 17
1.97 17
1.98 17
1.99 17
2.00 17
2.01 17
2.02 17
2.03 17
2.04 17
2.05 17
2.06 17
2.07 17
2.08 16
2.09 16
2.10 16
2.11 16
2.12 16
2.13 16
2.14 16
2.15 16
2.16 16
2.17 16
2.18 16
2.19 16
2.20 16
2.21 16
2.22 15
2.23 15
2.24 15
2.25 15
2.26 15
2.27 15
2.28 15
2.29 15
2.30 15
2.31 15
2.32 15
2.33 15
2.34 15
2.35 15
2.36 15
2.37 15
2.38 14
2.39 14
2.40 14
2.41 14
2.42 14
2.43 14
2.44 14
2.45 14
2.46 14
2.47 14
2.48 14
2.49 14
2.50 14
2.51 14
2.52 14
2.53 14
2.54 14
2.55 14
2.56 14
2.57 13
2.58 13
2.59 13
2.60 13
2.61 13
2.62 13
2.63 13
2.64 13
2.65 13
2.66 13
2.67 13
2.68 13
2.69 13
2.70 13
2.71 13
2.72 13
2.73 13
2.74 13
2.75 13
2.76 13
2.77 13
2.78 12
2.79 12
2.80 12
2.81 12
2.82 12
2.83 12
2.84 12
2.85 12
2.86 12
2.87 12
2.88 12
2.89 12
2.90 12
2.91 12
2.92 12
2.93 12
2.94 12
2.95 12
2.96 12
2.97 12
2.98 12
2.99 12
3.00 12

----------------------------------------------------------------------------------------------------
N* from FGLM Multihomogeneous Bézout
----------------------------------------------------------------------------------------------------
1.00 18
1.01 18
1.02 18
1.03 18
1.04 18
1.05 17
1.06 17
1.07 17
1.08 17
1.09 17
1.10 17
1.11 17
1.12 16
1.13 16
1.14 16
1.15 16
1.16 16
1.17 16
1.18 16
1.19 15
1.20 15
1.21 15
1.22 15
1.23 15
1.24 15
1.25 15
1.26 15
1.27 15
1.28 14
1.29 14
1.30 14
1.31 14
1.32 14
1.33 14
1.34 14
1.35 14
1.36 14
1.37 14
1.38 13
1.39 13
1.40 13
1.41 13
1.42 13
1.43 13
1.44 13
1.45 13
1.46 13
1.47 13
1.48 13
1.49 12
1.50 12
1.51 12
1.52 12
1.53 12
1.54 12
1.55 12
1.56 12
1.57 12
1.58 12
1.59 12
1.60 12
1.61 12
1.62 12
1.63 11
1.64 11
1.65 11
1.66 11
1.67 11
1.68 11
1.69 11
1.70 11
1.71 11
1.72 11
1.73 11
1.74 11
1.75 11
1.76 11
1.77 11
1.78 11
1.79 10
1.80 10
1.81 10
1.82 10
1.83 10
1.84 10
1.85 10
1.86 10
1.87 10
1.88 10
1.89 10
1.90 10
1.91 10
1.92 10
1.93 10
1.94 10
1.95 10
1.96 10
1.97 10
1.98 10
1.99 9
2.00 9
2.01 9
2.02 9
2.03 9
2.04 9
2.05 9
2.06 9
2.07 9
2.08 9
2.09 9
2.10 9
2.11 9
2.12 9
2.13 9
2.14 9
2.15 9
2.16 9
2.17 9
2.18 9
2.19 9
2.20 9
2.21 9
2.22 9
2.23 9
2.24 9
2.25 8
2.26 8
2.27 8
2.28 8
2.29 8
2.30 8
2.31 8
2.32 8
2.33 8
2.34 8
2.35 8
2.36 8
2.37 8
2.38 8
2.39 8
2.40 8
2.41 8
2.42 8
2.43 8
2.44 8
2.45 8
2.46 8
2.47 8
2.48 8
2.49 8
2.50 8
2.51 8
2.52 8
2.53 8
2.54 8
2.55 8
2.56 8
2.57 7
2.58 7
2.59 7
2.60 7
2.61 7
2.62 7
2.63 7
2.64 7
2.65 7
2.66 7
2.67 7
2.68 7
2.69 7
2.70 7
2.71 7
2.72 7
2.73 7
2.74 7
2.75 7
2.76 7
2.77 7
2.78 7
2.79 7
2.80 7
2.81 7
2.82 7
2.83 7
2.84 7
2.85 7
2.86 7
2.87 7
2.88 7
2.89 7
2.90 7
2.91 7
2.92 7
2.93 7
2.94 7
2.95 7
2.96 7
2.97 7
2.98 7
2.99 7
3.00 6

----------------------------------------------------------------------------------------------------
N* from FGLM Classical Bézout
----------------------------------------------------------------------------------------------------
1.00 18
1.01 18
1.02 18
1.03 18
1.04 18
1.05 17
1.06 17
1.07 17
1.08 17
1.09 17
1.10 17
1.11 17
1.12 16
1.13 16
1.14 16
1.15 16
1.16 16
1.17 16
1.18 16
1.19 15
1.20 15
1.21 15
1.22 15
1.23 15
1.24 15
1.25 15
1.26 15
1.27 15
1.28 14
1.29 14
1.30 14
1.31 14
1.32 14
1.33 14
1.34 14
1.35 14
1.36 14
1.37 14
1.38 13
1.39 13
1.40 13
1.41 13
1.42 13
1.43 13
1.44 13
1.45 13
1.46 13
1.47 13
1.48 13
1.49 12
1.50 12
1.51 12
1.52 12
1.53 12
1.54 12
1.55 12
1.56 12
1.57 12
1.58 12
1.59 12
1.60 12
1.61 12
1.62 12
1.63 11
1.64 11
1.65 11
1.66 11
1.67 11
1.68 11
1.69 11
1.70 11
1.71 11
1.72 11
1.73 11
1.74 11
1.75 11
1.76 11
1.77 11
1.78 11
1.79 10
1.80 10
1.81 10
1.82 10
1.83 10
1.84 10
1.85 10
1.86 10
1.87 10
1.88 10
1.89 10
1.90 10
1.91 10
1.92 10
1.93 10
1.94 10
1.95 10
1.96 10
1.97 10
1.98 10
1.99 9
2.00 9
2.01 9
2.02 9
2.03 9
2.04 9
2.05 9
2.06 9
2.07 9
2.08 9
2.09 9
2.10 9
2.11 9
2.12 9
2.13 9
2.14 9
2.15 9
2.16 9
2.17 9
2.18 9
2.19 9
2.20 9
2.21 9
2.22 9
2.23 9
2.24 9
2.25 8
2.26 8
2.27 8
2.28 8
2.29 8
2.30 8
2.31 8
2.32 8
2.33 8
2.34 8
2.35 8
2.36 8
2.37 8
2.38 8
2.39 8
2.40 8
2.41 8
2.42 8
2.43 8
2.44 8
2.45 8
2.46 8
2.47 8
2.48 8
2.49 8
2.50 8
2.51 8
2.52 8
2.53 8
2.54 8
2.55 8
2.56 8
2.57 7
2.58 7
2.59 7
2.60 7
2.61 7
2.62 7
2.63 7
2.64 7
2.65 7
2.66 7
2.67 7
2.68 7
2.69 7
2.70 7
2.71 7
2.72 7
2.73 7
2.74 7
2.75 7
2.76 7
2.77 7
2.78 7
2.79 7
2.80 7
2.81 7
2.82 7
2.83 7
2.84 7
2.85 7
2.86 7
2.87 7
2.88 7
2.89 7
2.90 7
2.91 7
2.92 7
2.93 7
2.94 7
2.95 7
2.96 7
2.97 7
2.98 7
2.99 7
3.00 6

----------------------------------------------------------------------------------------------------
N* from FAC approximation
----------------------------------------------------------------------------------------------------
1.00 20
3.00 20

----------------------------------------------------------------------------------------------------
N* from FAC Multihomogeneous Bézout
----------------------------------------------------------------------------------------------------
1.00 11
3.00 11

----------------------------------------------------------------------------------------------------
N* from FAC Classical Bézout
----------------------------------------------------------------------------------------------------
1.00 11
3.00 11

----------------------------------------------------------------------------------------------------
PCICO
----------------------------------------------------------------------------------------------------

----------------------------------------------------------------------------------------------------
N* from GB approximation: Approx
----------------------------------------------------------------------------------------------------
1.00 30
1.01 29
1.02 29
1.03 29
1.04 29
1.05 28
1.06 28
1.07 28
1.08 28
1.09 27
1.10 27
1.11 27
1.12 27
1.13 26
1.14 26
1.15 26
1.16 26
1.17 26
1.18 25
1.19 25
1.20 25
1.21 25
1.22 25
1.23 24
1.24 24
1.25 24
1.26 24
1.27 24
1.28 23
1.29 23
1.30 23
1.31 23
1.32 23
1.33 23
1.34 22
1.35 22
1.36 22
1.37 22
1.38 22
1.39 22
1.40 22
1.41 21
1.42 21
1.43 21
1.44 21
1.45 21
1.46 21
1.47 21
1.48 20
1.49 20
1.50 20
1.51 20
1.52 20
1.53 20
1.54 20
1.55 20
1.56 19
1.57 19
1.58 19
1.59 19
1.60 19
1.61 19
1.62 19
1.63 19
1.64 19
1.65 18
1.66 18
1.67 18
1.68 18
1.69 18
1.70 18
1.71 18
1.72 18
1.73 18
1.74 18
1.75 17
1.76 17
1.77 17
1.78 17
1.79 17
1.80 17
1.81 17
1.82 17
1.83 17
1.84 17
1.85 17
1.86 16
1.87 16
1.88 16
1.89 16
1.90 16
1.91 16
1.92 16
1.93 16
1.94 16
1.95 16
1.96 16
1.97 16
1.98 16
1.99 15
2.00 15
2.01 15
2.02 15
2.03 15
2.04 15
2.05 15
2.06 15
2.07 15
2.08 15
2.09 15
2.10 15
2.11 15
2.12 15
2.13 15
2.14 14
2.15 14
2.16 14
2.17 14
2.18 14
2.19 14
2.20 14
2.21 14
2.22 14
2.23 14
2.24 14
2.25 14
2.26 14
2.27 14
2.28 14
2.29 14
2.30 14
2.31 13
2.32 13
2.33 13
2.34 13
2.35 13
2.36 13
2.37 13
2.38 13
2.39 13
2.40 13
2.41 13
2.42 13
2.43 13
2.44 13
2.45 13
2.46 13
2.47 13
2.48 13
2.49 13
2.50 13
2.51 12
2.52 12
2.53 12
2.54 12
2.55 12
2.56 12
2.57 12
2.58 12
2.59 12
2.60 12
2.61 12
2.62 12
2.63 12
2.64 12
2.65 12
2.66 12
2.67 12
2.68 12
2.69 12
2.70 12
2.71 12
2.72 12
2.73 12
2.74 11
2.75 11
2.76 11
2.77 11
2.78 11
2.79 11
2.80 11
2.81 11
2.82 11
2.83 11
2.84 11
2.85 11
2.86 11
2.87 11
2.88 11
2.89 11
2.90 11
2.91 11
2.92 11
2.93 11
2.94 11
2.95 11
2.96 11
2.97 11
2.98 11
2.99 11
3.00 11

----------------------------------------------------------------------------------------------------
N* from GB Macaulay
----------------------------------------------------------------------------------------------------
1.00 21
1.01 21
1.02 21
1.03 21
1.04 21
1.05 20
1.06 20
1.07 20
1.08 20
1.09 20
1.10 20
1.11 20
1.12 19
1.13 19
1.14 19
1.15 19
1.16 19
1.17 19
1.18 19
1.19 19
1.20 18
1.21 18
1.22 18
1.23 18
1.24 18
1.25 18
1.26 18
1.27 18
1.28 18
1.29 17
1.30 17
1.31 17
1.32 17
1.33 17
1.34 17
1.35 17
1.36 17
1.37 17
1.38 17
1.39 16
1.40 16
1.41 16
1.42 16
1.43 16
1.44 16
1.45 16
1.46 16
1.47 16
1.48 16
1.49 16
1.50 15
1.51 15
1.52 15
1.53 15
1.54 15
1.55 15
1.56 15
1.57 15
1.58 15
1.59 15
1.60 15
1.61 15
1.62 15
1.63 15
1.64 14
1.65 14
1.66 14
1.67 14
1.68 14
1.69 14
1.70 14
1.71 14
1.72 14
1.73 14
1.74 14
1.75 14
1.76 14
1.77 14
1.78 14
1.79 14
1.80 13
1.81 13
1.82 13
1.83 13
1.84 13
1.85 13
1.86 13
1.87 13
1.88 13
1.89 13
1.90 13
1.91 13
1.92 13
1.93 13
1.94 13
1.95 13
1.96 13
1.97 13
1.98 13
1.99 12
2.00 12
2.01 12
2.02 12
2.03 12
2.04 12
2.05 12
2.06 12
2.07 12
2.08 12
2.09 12
2.10 12
2.11 12
2.12 12
2.13 12
2.14 12
2.15 12
2.16 12
2.17 12
2.18 12
2.19 12
2.20 12
2.21 11
2.22 11
2.23 11
2.24 11
2.25 11
2.26 11
2.27 11
2.28 11
2.29 11
2.30 11
2.31 11
2.32 11
2.33 11
2.34 11
2.35 11
2.36 11
2.37 11
2.38 11
2.39 11
2.40 11
2.41 11
2.42 11
2.43 11
2.44 11
2.45 11
2.46 11
2.47 11
2.48 11
2.49 10
2.50 10
2.51 10
2.52 10
2.53 10
2.54 10
2.55 10
2.56 10
2.57 10
2.58 10
2.59 10
2.60 10
2.61 10
2.62 10
2.63 10
2.64 10
2.65 10
2.66 10
2.67 10
2.68 10
2.69 10
2.70 10
2.71 10
2.72 10
2.73 10
2.74 10
2.75 10
2.76 10
2.77 10
2.78 10
2.79 10
2.80 10
2.81 10
2.82 10
2.83 9
2.84 9
2.85 9
2.86 9
2.87 9
2.88 9
2.89 9
2.90 9
2.91 9
2.92 9
2.93 9
2.94 9
2.95 9
2.96 9
2.97 9
2.98 9
2.99 9
3.00 9

----------------------------------------------------------------------------------------------------
N* from FGLM approximation
----------------------------------------------------------------------------------------------------
1.00 34
1.01 33
1.02 33
1.03 33
1.04 32
1.05 32
1.06 32
1.07 32
1.08 31
1.09 31
1.10 31
1.11 30
1.12 30
1.13 30
1.14 30
1.15 29
1.16 29
1.17 29
1.18 29
1.19 28
1.20 28
1.21 28
1.22 28
1.23 28
1.24 27
1.25 27
1.26 27
1.27 27
1.28 27
1.29 26
1.30 26
1.31 26
1.32 26
1.33 26
1.34 25
1.35 25
1.36 25
1.37 25
1.38 25
1.39 24
1.40 24
1.41 24
1.42 24
1.43 24
1.44 24
1.45 24
1.46 23
1.47 23
1.48 23
1.49 23
1.50 23
1.51 23
1.52 22
1.53 22
1.54 22
1.55 22
1.56 22
1.57 22
1.58 22
1.59 21
1.60 21
1.61 21
1.62 21
1.63 21
1.64 21
1.65 21
1.66 21
1.67 21
1.68 20
1.69 20
1.70 20
1.71 20
1.72 20
1.73 20
1.74 20
1.75 20
1.76 19
1.77 19
1.78 19
1.79 19
1.80 19
1.81 19
1.82 19
1.83 19
1.84 19
1.85 19
1.86 18
1.87 18
1.88 18
1.89 18
1.90 18
1.91 18
1.92 18
1.93 18
1.94 18
1.95 18
1.96 18
1.97 17
1.98 17
1.99 17
2.00 17
2.01 17
2.02 17
2.03 17
2.04 17
2.05 17
2.06 17
2.07 17
2.08 17
2.09 17
2.10 16
2.11 16
2.12 16
2.13 16
2.14 16
2.15 16
2.16 16
2.17 16
2.18 16
2.19 16
2.20 16
2.21 16
2.22 16
2.23 16
2.24 15
2.25 15
2.26 15
2.27 15
2.28 15
2.29 15
2.30 15
2.31 15
2.32 15
2.33 15
2.34 15
2.35 15
2.36 15
2.37 15
2.38 15
2.39 15
2.40 14
2.41 14
2.42 14
2.43 14
2.44 14
2.45 14
2.46 14
2.47 14
2.48 14
2.49 14
2.50 14
2.51 14
2.52 14
2.53 14
2.54 14
2.55 14
2.56 14
2.57 14
2.58 14
2.59 13
2.60 13
2.61 13
2.62 13
2.63 13
2.64 13
2.65 13
2.66 13
2.67 13
2.68 13
2.69 13
2.70 13
2.71 13
2.72 13
2.73 13
2.74 13
2.75 13
2.76 13
2.77 13
2.78 13
2.79 13
2.80 12
2.81 12
2.82 12
2.83 12
2.84 12
2.85 12
2.86 12
2.87 12
2.88 12
2.89 12
2.90 12
2.91 12
2.92 12
2.93 12
2.94 12
2.95 12
2.96 12
2.97 12
2.98 12
2.99 12
3.00 12

----------------------------------------------------------------------------------------------------
N* from FGLM Multihomogeneous Bézout
----------------------------------------------------------------------------------------------------
1.00 32
1.01 32
1.02 31
1.03 31
1.04 31
1.05 30
1.06 30
1.07 30
1.08 30
1.09 29
1.10 29
1.11 29
1.12 29
1.13 28
1.14 28
1.15 28
1.16 28
1.17 27
1.18 27
1.19 27
1.20 27
1.21 27
1.22 26
1.23 26
1.24 26
1.25 26
1.26 26
1.27 25
1.28 25
1.29 25
1.30 25
1.31 25
1.32 24
1.33 24
1.34 24
1.35 24
1.36 24
1.37 24
1.38 23
1.39 23
1.40 23
1.41 23
1.42 23
1.43 23
1.44 22
1.45 22
1.46 22
1.47 22
1.48 22
1.49 22
1.50 22
1.51 21
1.52 21
1.53 21
1.54 21
1.55 21
1.56 21
1.57 21
1.58 21
1.59 20
1.60 20
1.61 20
1.62 20
1.63 20
1.64 20
1.65 20
1.66 20
1.67 19
1.68 19
1.69 19
1.70 19
1.71 19
1.72 19
1.73 19
1.74 19
1.75 19
1.76 18
1.77 18
1.78 18
1.79 18
1.80 18
1.81 18
1.82 18
1.83 18
1.84 18
1.85 18
1.86 18
1.87 17
1.88 17
1.89 17
1.90 17
1.91 17
1.92 17
1.93 17
1.94 17
1.95 17
1.96 17
1.97 17
1.98 17
1.99 16
2.00 16
2.01 16
2.02 16
2.03 16
2.04 16
2.05 16
2.06 16
2.07 16
2.08 16
2.09 16
2.10 16
2.11 16
2.12 15
2.13 15
2.14 15
2.15 15
2.16 15
2.17 15
2.18 15
2.19 15
2.20 15
2.21 15
2.22 15
2.23 15
2.24 15
2.25 15
2.26 15
2.27 14
2.28 14
2.29 14
2.30 14
2.31 14
2.32 14
2.33 14
2.34 14
2.35 14
2.36 14
2.37 14
2.38 14
2.39 14
2.40 14
2.41 14
2.42 14
2.43 14
2.44 14
2.45 13
2.46 13
2.47 13
2.48 13
2.49 13
2.50 13
2.51 13
2.52 13
2.53 13
2.54 13
2.55 13
2.56 13
2.57 13
2.58 13
2.59 13
2.60 13
2.61 13
2.62 13
2.63 13
2.64 13
2.65 13
2.66 12
2.67 12
2.68 12
2.69 12
2.70 12
2.71 12
2.72 12
2.73 12
2.74 12
2.75 12
2.76 12
2.77 12
2.78 12
2.79 12
2.80 12
2.81 12
2.82 12
2.83 12
2.84 12
2.85 12
2.86 12
2.87 12
2.88 12
2.89 12
2.90 11
2.91 11
2.92 11
2.93 11
2.94 11
2.95 11
2.96 11
2.97 11
2.98 11
2.99 11
3.00 11

----------------------------------------------------------------------------------------------------
N* from FGLM Classical Bézout
----------------------------------------------------------------------------------------------------
1.00 26
1.01 26
1.02 26
1.03 26
1.04 25
1.05 25
1.06 25
1.07 25
1.08 25
1.09 25
1.10 24
1.11 24
1.12 24
1.13 24
1.14 24
1.15 23
1.16 23
1.17 23
1.18 23
1.19 23
1.20 23
1.21 23
1.22 22
1.23 22
1.24 22
1.25 22
1.26 22
1.27 22
1.28 22
1.29 21
1.30 21
1.31 21
1.32 21
1.33 21
1.34 21
1.35 21
1.36 21
1.37 20
1.38 20
1.39 20
1.40 20
1.41 20
1.42 20
1.43 20
1.44 20
1.45 19
1.46 19
1.47 19
1.48 19
1.49 19
1.50 19
1.51 19
1.52 19
1.53 19
1.54 19
1.55 18
1.56 18
1.57 18
1.58 18
1.59 18
1.60 18
1.61 18
1.62 18
1.63 18
1.64 18
1.65 18
1.66 17
1.67 17
1.68 17
1.69 17
1.70 17
1.71 17
1.72 17
1.73 17
1.74 17
1.75 17
1.76 17
1.77 17
1.78 16
1.79 16
1.80 16
1.81 16
1.82 16
1.83 16
1.84 16
1.85 16
1.86 16
1.87 16
1.88 16
1.89 16
1.90 16
1.91 16
1.92 15
1.93 15
1.94 15
1.95 15
1.96 15
1.97 15
1.98 15
1.99 15
2.00 15
2.01 15
2.02 15
2.03 15
2.04 15
2.05 15
2.06 15
2.07 15
2.08 15
2.09 14
2.10 14
2.11 14
2.12 14
2.13 14
2.14 14
2.15 14
2.16 14
2.17 14
2.18 14
2.19 14
2.20 14
2.21 14
2.22 14
2.23 14
2.24 14
2.25 14
2.26 14
2.27 13
2.28 13
2.29 13
2.30 13
2.31 13
2.32 13
2.33 13
2.34 13
2.35 13
2.36 13
2.37 13
2.38 13
2.39 13
2.40 13
2.41 13
2.42 13
2.43 13
2.44 13
2.45 13
2.46 13
2.47 13
2.48 13
2.49 12
2.50 12
2.51 12
2.52 12
2.53 12
2.54 12
2.55 12
2.56 12
2.57 12
2.58 12
2.59 12
2.60 12
2.61 12
2.62 12
2.63 12
2.64 12
2.65 12
2.66 12
2.67 12
2.68 12
2.69 12
2.70 12
2.71 12
2.72 12
2.73 12
2.74 12
2.75 12
2.76 11
2.77 11
2.78 11
2.79 11
2.80 11
2.81 11
2.82 11
2.83 11
2.84 11
2.85 11
2.86 11
2.87 11
2.88 11
2.89 11
2.90 11
2.91 11
2.92 11
2.93 11
2.94 11
2.95 11
2.96 11
2.97 11
2.98 11
2.99 11
3.00 11

----------------------------------------------------------------------------------------------------
N* from FAC approximation
----------------------------------------------------------------------------------------------------
1.00 20
3.00 20

----------------------------------------------------------------------------------------------------
N* from FAC Multihomogeneous Bézout
----------------------------------------------------------------------------------------------------
1.00 19
3.00 19

----------------------------------------------------------------------------------------------------
N* from FAC Classical Bézout
----------------------------------------------------------------------------------------------------
1.00 17
3.00 17

