----------------------------------------------------------------------------------------------------
Conjectured number of rounds (s=256)
----------------------------------------------------------------------------------------------------

----------------------------------------------------------------------------------------------------
FCICO
----------------------------------------------------------------------------------------------------

----------------------------------------------------------------------------------------------------
N* from GB approximation: Approx
----------------------------------------------------------------------------------------------------
1.00 47
1.01 46
1.02 46
1.03 46
1.04 45
1.05 45
1.06 44
1.07 44
1.08 44
1.09 43
1.10 43
1.11 42
1.12 42
1.13 42
1.14 41
1.15 41
1.16 41
1.17 40
1.18 40
1.19 40
1.20 39
1.21 39
1.22 39
1.23 38
1.24 38
1.25 38
1.26 37
1.27 37
1.28 37
1.29 37
1.30 36
1.31 36
1.32 36
1.33 36
1.34 35
1.35 35
1.36 35
1.37 35
1.38 34
1.39 34
1.40 34
1.41 34
1.42 33
1.43 33
1.44 33
1.45 33
1.46 33
1.47 32
1.48 32
1.49 32
1.50 32
1.51 32
1.52 31
1.53 31
1.54 31
1.55 31
1.56 31
1.57 30
1.58 30
1.59 30
1.60 30
1.61 30
1.62 29
1.63 29
1.64 29
1.65 29
1.66 29
1.67 29
1.68 28
1.69 28
1.70 28
1.71 28
1.72 28
1.73 28
1.74 28
1.75 27
1.76 27
1.77 27
1.78 27
1.79 27
1.80 27
1.81 26
1.82 26
1.83 26
1.84 26
1.85 26
1.86 26
1.87 26
1.88 26
1.89 25
1.90 25
1.91 25
1.92 25
1.93 25
1.94 25
1.95 25
1.96 25
1.97 24
1.98 24
1.99 24
2.00 24
2.01 24
2.02 24
2.03 24
2.04 24
2.05 24
2.06 23
2.07 23
2.08 23
2.09 23
2.10 23
2.11 23
2.12 23
2.13 23
2.14 23
2.15 22
2.16 22
2.17 22
2.18 22
2.19 22
2.20 22
2.21 22
2.22 22
2.23 22
2.24 22
2.25 22
2.26 21
2.27 21
2.28 21
2.29 21
2.30 21
2.31 21
2.32 21
2.33 21
2.34 21
2.35 21
2.36 21
2.37 20
2.38 20
2.39 20
2.40 20
2.41 20
2.42 20
2.43 20
2.44 20
2.45 20
2.46 20
2.47 20
2.48 20
2.49 20
2.50 19
2.51 19
2.52 19
2.53 19
2.54 19
2.55 19
2.56 19
2.57 19
2.58 19
2.59 19
2.60 19
2.61 19
2.62 19
2.63 19
2.64 19
2.65 18
2.66 18
2.67 18
2.68 18
2.69 18
2.70 18
2.71 18
2.72 18
2.73 18
2.74 18
2.75 18
2.76 18
2.77 18
2.78 18
2.79 18
2.80 18
2.81 17
2.82 17
2.83 17
2.84 17
2.85 17
2.86 17
2.87 17
2.88 17
2.89 17
2.90 17
2.91 17
2.92 17
2.93 17
2.94 17
2.95 17
2.96 17
2.97 17
2.98 17
2.99 16
3.00 16

----------------------------------------------------------------------------------------------------
N* from GB Macaulay
----------------------------------------------------------------------------------------------------
1.00 31
1.01 31
1.02 31
1.03 30
1.04 30
1.05 30
1.06 30
1.07 29
1.08 29
1.09 29
1.10 29
1.11 28
1.12 28
1.13 28
1.14 28
1.15 27
1.16 27
1.17 27
1.18 27
1.19 27
1.20 26
1.21 26
1.22 26
1.23 26
1.24 26
1.25 25
1.26 25
1.27 25
1.28 25
1.29 25
1.30 24
1.31 24
1.32 24
1.33 24
1.34 24
1.35 24
1.36 23
1.37 23
1.38 23
1.39 23
1.40 23
1.41 23
1.42 23
1.43 22
1.44 22
1.45 22
1.46 22
1.47 22
1.48 22
1.49 22
1.50 21
1.51 21
1.52 21
1.53 21
1.54 21
1.55 21
1.56 21
1.57 21
1.58 20
1.59 20
1.60 20
1.61 20
1.62 20
1.63 20
1.64 20
1.65 20
1.66 19
1.67 19
1.68 19
1.69 19
1.70 19
1.71 19
1.72 19
1.73 19
1.74 19
1.75 19
1.76 18
1.77 18
1.78 18
1.79 18
1.80 18
1.81 18
1.82 18
1.83 18
1.84 18
1.85 18
1.86 18
1.87 17
1.88 17
1.89 17
1.90 17
1.91 17
1.92 17
1.93 17
1.94 17
1.95 17
1.96 17
1.97 17
1.98 17
1.99 16
2.00 16
2.01 16
2.02 16
2.03 16
2.04 16
2.05 16
2.06 16
2.07 16
2.08 16
2.09 16
2.10 16
2.11 16
2.12 16
2.13 15
2.14 15
2.15 15
2.16 15
2.17 15
2.18 15
2.19 15
2.20 15
2.21 15
2.22 15
2.23 15
2.24 15
2.25 15
2.26 15
2.27 15
2.28 15
2.29 14
2.30 14
2.31 14
2.32 14
2.33 14
2.34 14
2.35 14
2.36 14
2.37 14
2.38 14
2.39 14
2.40 14
2.41 14
2.42 14
2.43 14
2.44 14
2.45 14
2.46 14
2.47 14
2.48 13
2.49 13
2.50 13
2.51 13
2.52 13
2.53 13
2.54 13
2.55 13
2.56 13
2.57 13
2.58 13
2.59 13
2.60 13
2.61 13
2.62 13
2.63 13
2.64 13
2.65 13
2.66 13
2.67 13
2.68 13
2.69 13
2.70 12
2.71 12
2.72 12
2.73 12
2.74 12
2.75 12
2.76 12
2.77 12
2.78 12
2.79 12
2.80 12
2.81 12
2.82 12
2.83 12
2.84 12
2.85 12
2.86 12
2.87 12
2.88 12
2.89 12
2.90 12
2.91 12
2.92 12
2.93 12
2.94 12
2.95 12
2.96 11
2.97 11
2.98 11
2.99 11
3.00 11

----------------------------------------------------------------------------------------------------
N* from FGLM approximation
----------------------------------------------------------------------------------------------------
1.00 79
1.01 78
1.02 77
1.03 77
1.04 76
1.05 75
1.06 75
1.07 74
1.08 73
1.09 73
1.10 72
1.11 71
1.12 71
1.13 70
1.14 69
1.15 69
1.16 68
1.17 68
1.18 67
1.19 66
1.20 66
1.21 65
1.22 65
1.23 64
1.24 64
1.25 63
1.26 63
1.27 62
1.28 62
1.29 61
1.30 61
1.31 60
1.32 60
1.33 60
1.34 59
1.35 59
1.36 58
1.37 58
1.38 57
1.39 57
1.40 57
1.41 56
1.42 56
1.43 55
1.44 55
1.45 55
1.46 54
1.47 54
1.48 54
1.49 53
1.50 53
1.51 53
1.52 52
1.53 52
1.54 52
1.55 51
1.56 51
1.57 51
1.58 50
1.59 50
1.60 50
1.61 49
1.62 49
1.63 49
1.64 48
1.65 48
1.66 48
1.67 48
1.68 47
1.69 47
1.70 47
1.71 47
1.72 46
1.73 46
1.74 46
1.75 45
1.76 45
1.77 45
1.78 45
1.79 44
1.80 44
1.81 44
1.82 44
1.83 44
1.84 43
1.85 43
1.86 43
1.87 43
1.88 42
1.89 42
1.90 42
1.91 42
1.92 42
1.93 41
1.94 41
1.95 41
1.96 41
1.97 40
1.98 40
1.99 40
2.00 40
2.01 40
2.02 39
2.03 39
2.04 39
2.05 39
2.06 39
2.07 39
2.08 38
2.09 38
2.10 38
2.11 38
2.12 38
2.13 37
2.14 37
2.15 37
2.16 37
2.17 37
2.18 37
2.19 36
2.20 36
2.21 36
2.22 36
2.23 36
2.24 36
2.25 36
2.26 35
2.27 35
2.28 35
2.29 35
2.30 35
2.31 35
2.32 34
2.33 34
2.34 34
2.35 34
2.36 34
2.37 34
2.38 34
2.39 33
2.40 33
2.41 33
2.42 33
2.43 33
2.44 33
2.45 33
2.46 33
2.47 32
2.48 32
2.49 32
2.50 32
2.51 32
2.52 32
2.53 32
2.54 32
2.55 31
2.56 31
2.57 31
2.58 31
2.59 31
2.60 31
2.61 31
2.62 31
2.63 30
2.64 30
2.65 30
2.66 30
2.67 30
2.68 30
2.69 30
2.70 30
2.71 30
2.72 30
2.73 29
2.74 29
2.75 29
2.76 29
2.77 29
2.78 29
2.79 29
2.80 29
2.81 29
2.82 28
2.83 28
2.84 28
2.85 28
2.86 28
2.87 28
2.88 28
2.89 28
2.90 28
2.91 28
2.92 28
2.93 27
2.94 27
2.95 27
2.96 27
2.97 27
2.98 27
2.99 27
3.00 27

----------------------------------------------------------------------------------------------------
N* from FGLM Multihomogeneous Bézout
----------------------------------------------------------------------------------------------------
1.00 45
1.01 45
1.02 44
1.03 44
1.04 43
1.05 43
1.06 42
1.07 42
1.08 42
1.09 41
1.10 41
1.11 41
1.12 40
1.13 40
1.14 40
1.15 39
1.16 39
1.17 39
1.18 38
1.19 38
1.20 38
1.21 37
1.22 37
1.23 37
1.24 36
1.25 36
1.26 36
1.27 36
1.28 35
1.29 35
1.30 35
1.31 34
1.32 34
1.33 34
1.34 34
1.35 33
1.36 33
1.37 33
1.38 33
1.39 33
1.40 32
1.41 32
1.42 32
1.43 32
1.44 31
1.45 31
1.46 31
1.47 31
1.48 31
1.49 30
1.50 30
1.51 30
1.52 30
1.53 30
1.54 29
1.55 29
1.56 29
1.57 29
1.58 29
1.59 29
1.60 28
1.61 28
1.62 28
1.63 28
1.64 28
1.65 28
1.66 27
1.67 27
1.68 27
1.69 27
1.70 27
1.71 27
1.72 26
1.73 26
1.74 26
1.75 26
1.76 26
1.77 26
1.78 26
1.79 25
1.80 25
1.81 25
1.82 25
1.83 25
1.84 25
1.85 25
1.86 24
1.87 24
1.88 24
1.89 24
1.90 24
1.91 24
1.92 24
1.93 24
1.94 23
1.95 23
1.96 23
1.97 23
1.98 23
1.99 23
2.00 23
2.01 23
2.02 23
2.03 22
2.04 22
2.05 22
2.06 22
2.07 22
2.08 22
2.09 22
2.10 22
2.11 22
2.12 22
2.13 21
2.14 21
2.15 21
2.16 21
2.17 21
2.18 21
2.19 21
2.20 21
2.21 21
2.22 21
2.23 21
2.24 20
2.25 20
2.26 20
2.27 20
2.28 20
2.29 20
2.30 20
2.31 20
2.32 20
2.33 20
2.34 20
2.35 20
2.36 19
2.37 19
2.38 19
2.39 19
2.40 19
2.41 19
2.42 19
2.43 19
2.44 19
2.45 19
2.46 19
2.47 19
2.48 19
2.49 18
2.50 18
2.51 18
2.52 18
2.53 18
2.54 18
2.55 18
2.56 18
2.57 18
2.58 18
2.59 18
2.60 18
2.61 18
2.62 18
2.63 17
2.64 17
2.65 17
2.66 17
2.67 17
2.68 17
2.69 17
2.70 17
2.71 17
2.72 17
2.73 17
2.74 17
2.75 17
2.76 17
2.77 17
2.78 17
2.79 17
2.80 16
2.81 16
2.82 16
2.83 16
2.84 16
2.85 16
2.86 16
2.87 16
2.88 16
2.89 16
2.90 16
2.91 16
2.92 16
2.93 16
2.94 16
2.95 16
2.96 16
2.97 16
2.98 16
2.99 15
3.00 15

----------------------------------------------------------------------------------------------------
N* from FGLM Classical Bézout
----------------------------------------------------------------------------------------------------
1.00 45
1.01 45
1.02 44
1.03 44
1.04 43
1.05 43
1.06 42
1.07 42
1.08 42
1.09 41
1.10 41
1.11 41
1.12 40
1.13 40
1.14 40
1.15 39
1.16 39
1.17 39
1.18 38
1.19 38
1.20 38
1.21 37
1.22 37
1.23 37
1.24 36
1.25 36
1.26 36
1.27 36
1.28 35
1.29 35
1.30 35
1.31 34
1.32 34
1.33 34
1.34 34
1.35 33
1.36 33
1.37 33
1.38 33
1.39 33
1.40 32
1.41 32
1.42 32
1.43 32
1.44 31
1.45 31
1.46 31
1.47 31
1.48 31
1.49 30
1.50 30
1.51 30
1.52 30
1.53 30
1.54 29
1.55 29
1.56 29
1.57 29
1.58 29
1.59 29
1.60 28
1.61 28
1.62 28
1.63 28
1.64 28
1.65 28
1.66 27
1.67 27
1.68 27
1.69 27
1.70 27
1.71 27
1.72 26
1.73 26
1.74 26
1.75 26
1.76 26
1.77 26
1.78 26
1.79 25
1.80 25
1.81 25
1.82 25
1.83 25
1.84 25
1.85 25
1.86 24
1.87 24
1.88 24
1.89 24
1.90 24
1.91 24
1.92 24
1.93 24
1.94 23
1.95 23
1.96 23
1.97 23
1.98 23
1.99 23
2.00 23
2.01 23
2.02 23
2.03 22
2.04 22
2.05 22
2.06 22
2.07 22
2.08 22
2.09 22
2.10 22
2.11 22
2.12 22
2.13 21
2.14 21
2.15 21
2.16 21
2.17 21
2.18 21
2.19 21
2.20 21
2.21 21
2.22 21
2.23 21
2.24 20
2.25 20
2.26 20
2.27 20
2.28 20
2.29 20
2.30 20
2.31 20
2.32 20
2.33 20
2.34 20
2.35 20
2.36 19
2.37 19
2.38 19
2.39 19
2.40 19
2.41 19
2.42 19
2.43 19
2.44 19
2.45 19
2.46 19
2.47 19
2.48 19
2.49 18
2.50 18
2.51 18
2.52 18
2.53 18
2.54 18
2.55 18
2.56 18
2.57 18
2.58 18
2.59 18
2.60 18
2.61 18
2.62 18
2.63 17
2.64 17
2.65 17
2.66 17
2.67 17
2.68 17
2.69 17
2.70 17
2.71 17
2.72 17
2.73 17
2.74 17
2.75 17
2.76 17
2.77 17
2.78 17
2.79 17
2.80 16
2.81 16
2.82 16
2.83 16
2.84 16
2.85 16
2.86 16
2.87 16
2.88 16
2.89 16
2.90 16
2.91 16
2.92 16
2.93 16
2.94 16
2.95 16
2.96 16
2.97 16
2.98 16
2.99 15
3.00 15

----------------------------------------------------------------------------------------------------
N* from FAC approximation
----------------------------------------------------------------------------------------------------
1.00 45
3.00 45

----------------------------------------------------------------------------------------------------
N* from FAC Multihomogeneous Bézout
----------------------------------------------------------------------------------------------------
1.00 26
3.00 26

----------------------------------------------------------------------------------------------------
N* from FAC Classical Bézout
----------------------------------------------------------------------------------------------------
1.00 26
3.00 26

----------------------------------------------------------------------------------------------------
PCICO
----------------------------------------------------------------------------------------------------

----------------------------------------------------------------------------------------------------
N* from GB approximation: Approx
----------------------------------------------------------------------------------------------------
1.00 66
1.01 66
1.02 65
1.03 64
1.04 64
1.05 63
1.06 63
1.07 62
1.08 61
1.09 61
1.10 60
1.11 60
1.12 59
1.13 59
1.14 58
1.15 58
1.16 57
1.17 57
1.18 56
1.19 56
1.20 55
1.21 55
1.22 55
1.23 54
1.24 54
1.25 53
1.26 53
1.27 52
1.28 52
1.29 52
1.30 51
1.31 51
1.32 51
1.33 50
1.34 50
1.35 49
1.36 49
1.37 49
1.38 48
1.39 48
1.40 48
1.41 47
1.42 47
1.43 47
1.44 46
1.45 46
1.46 46
1.47 45
1.48 45
1.49 45
1.50 45
1.51 44
1.52 44
1.53 44
1.54 43
1.55 43
1.56 43
1.57 43
1.58 42
1.59 42
1.60 42
1.61 42
1.62 41
1.63 41
1.64 41
1.65 41
1.66 40
1.67 40
1.68 40
1.69 40
1.70 40
1.71 39
1.72 39
1.73 39
1.74 39
1.75 38
1.76 38
1.77 38
1.78 38
1.79 38
1.80 37
1.81 37
1.82 37
1.83 37
1.84 37
1.85 36
1.86 36
1.87 36
1.88 36
1.89 36
1.90 35
1.91 35
1.92 35
1.93 35
1.94 35
1.95 35
1.96 34
1.97 34
1.98 34
1.99 34
2.00 34
2.01 34
2.02 33
2.03 33
2.04 33
2.05 33
2.06 33
2.07 33
2.08 33
2.09 32
2.10 32
2.11 32
2.12 32
2.13 32
2.14 32
2.15 32
2.16 31
2.17 31
2.18 31
2.19 31
2.20 31
2.21 31
2.22 31
2.23 30
2.24 30
2.25 30
2.26 30
2.27 30
2.28 30
2.29 30
2.30 30
2.31 29
2.32 29
2.33 29
2.34 29
2.35 29
2.36 29
2.37 29
2.38 29
2.39 28
2.40 28
2.41 28
2.42 28
2.43 28
2.44 28
2.45 28
2.46 28
2.47 28
2.48 27
2.49 27
2.50 27
2.51 27
2.52 27
2.53 27
2.54 27
2.55 27
2.56 27
2.57 27
2.58 26
2.59 26
2.60 26
2.61 26
2.62 26
2.63 26
2.64 26
2.65 26
2.66 26
2.67 26
2.68 26
2.69 25
2.70 25
2.71 25
2.72 25
2.73 25
2.74 25
2.75 25
2.76 25
2.77 25
2.78 25
2.79 25
2.80 24
2.81 24
2.82 24
2.83 24
2.84 24
2.85 24
2.86 24
2.87 24
2.88 24
2.89 24
2.90 24
2.91 24
2.92 24
2.93 23
2.94 23
2.95 23
2.96 23
2.97 23
2.98 23
2.99 23
3.00 23

----------------------------------------------------------------------------------------------------
N* from GB Macaulay
----------------------------------------------------------------------------------------------------
1.00 38
1.01 37
1.02 37
1.03 37
1.04 37
1.05 36
1.06 36
1.07 36
1.08 36
1.09 35
1.10 35
1.11 35
1.12 34
1.13 34
1.14 34
1.15 34
1.16 34
1.17 33
1.18 33
1.19 33
1.20 33
1.21 32
1.22 32
1.23 32
1.24 32
1.25 32
1.26 31
1.27 31
1.28 31
1.29 31
1.30 31
1.31 30
1.32 30
1.33 30
1.34 30
1.35 30
1.36 30
1.37 29
1.38 29
1.39 29
1.40 29
1.41 29
1.42 29
1.43 28
1.44 28
1.45 28
1.46 28
1.47 28
1.48 28
1.49 28
1.50 27
1.51 27
1.52 27
1.53 27
1.54 27
1.55 27
1.56 27
1.57 26
1.58 26
1.59 26
1.60 26
1.61 26
1.62 26
1.63 26
1.64 26
1.65 25
1.66 25
1.67 25
1.68 25
1.69 25
1.70 25
1.71 25
1.72 25
1.73 25
1.74 24
1.75 24
1.76 24
1.77 24
1.78 24
1.79 24
1.80 24
1.81 24
1.82 24
1.83 23
1.84 23
1.85 23
1.86 23
1.87 23
1.88 23
1.89 23
1.90 23
1.91 23
1.92 23
1.93 23
1.94 22
1.95 22
1.96 22
1.97 22
1.98 22
1.99 22
2.00 22
2.01 22
2.02 22
2.03 22
2.04 22
2.05 21
2.06 21
2.07 21
2.08 21
2.09 21
2.10 21
2.11 21
2.12 21
2.13 21
2.14 21
2.15 21
2.16 21
2.17 21
2.18 20
2.19 20
2.20 20
2.21 20
2.22 20
2.23 20
2.24 20
2.25 20
2.26 20
2.27 20
2.28 20
2.29 20
2.30 20
2.31 20
2.32 20
2.33 19
2.34 19
2.35 19
2.36 19
2.37 19
2.38 19
2.39 19
2.40 19
2.41 19
2.42 19
2.43 19
2.44 19
2.45 19
2.46 19
2.47 19
2.48 19
2.49 18
2.50 18
2.51 18
2.52 18
2.53 18
2.54 18
2.55 18
2.56 18
2.57 18
2.58 18
2.59 18
2.60 18
2.61 18
2.62 18
2.63 18
2.64 18
2.65 18
2.66 18
2.67 18
2.68 17
2.69 17
2.70 17
2.71 17
2.72 17
2.73 17
2.74 17
2.75 17
2.76 17
2.77 17
2.78 17
2.79 17
2.80 17
2.81 17
2.82 17
2.83 17
2.84 17
2.85 17
2.86 17
2.87 17
2.88 17
2.89 17
2.90 16
2.91 16
2.92 16
2.93 16
2.94 16
2.95 16
2.96 16
2.97 16
2.98 16
2.99 16
3.00 16

----------------------------------------------------------------------------------------------------
N* from FGLM approximation
----------------------------------------------------------------------------------------------------
1.00 79
1.01 78
1.02 78
1.03 77
1.04 76
1.05 76
1.06 75
1.07 74
1.08 73
1.09 73
1.10 72
1.11 72
1.12 71
1.13 70
1.14 70
1.15 69
1.16 68
1.17 68
1.18 67
1.19 67
1.20 66
1.21 66
1.22 65
1.23 65
1.24 64
1.25 64
1.26 63
1.27 63
1.28 62
1.29 62
1.30 61
1.31 61
1.32 60
1.33 60
1.34 59
1.35 59
1.36 59
1.37 58
1.38 58
1.39 57
1.40 57
1.41 56
1.42 56
1.43 56
1.44 55
1.45 55
1.46 55
1.47 54
1.48 54
1.49 53
1.50 53
1.51 53
1.52 52
1.53 52
1.54 52
1.55 51
1.56 51
1.57 51
1.58 50
1.59 50
1.60 50
1.61 50
1.62 49
1.63 49
1.64 49
1.65 48
1.66 48
1.67 48
1.68 48
1.69 47
1.70 47
1.71 47
1.72 46
1.73 46
1.74 46
1.75 46
1.76 45
1.77 45
1.78 45
1.79 45
1.80 44
1.81 44
1.82 44
1.83 44
1.84 43
1.85 43
1.86 43
1.87 43
1.88 43
1.89 42
1.90 42
1.91 42
1.92 42
1.93 41
1.94 41
1.95 41
1.96 41
1.97 41
1.98 40
1.99 40
2.00 40
2.01 40
2.02 40
2.03 39
2.04 39
2.05 39
2.06 39
2.07 39
2.08 39
2.09 38
2.10 38
2.11 38
2.12 38
2.13 38
2.14 37
2.15 37
2.16 37
2.17 37
2.18 37
2.19 37
2.20 36
2.21 36
2.22 36
2.23 36
2.24 36
2.25 36
2.26 36
2.27 35
2.28 35
2.29 35
2.30 35
2.31 35
2.32 35
2.33 34
2.34 34
2.35 34
2.36 34
2.37 34
2.38 34
2.39 34
2.40 33
2.41 33
2.42 33
2.43 33
2.44 33
2.45 33
2.46 33
2.47 33
2.48 32
2.49 32
2.50 32
2.51 32
2.52 32
2.53 32
2.54 32
2.55 32
2.56 31
2.57 31
2.58 31
2.59 31
2.60 31
2.61 31
2.62 31
2.63 31
2.64 30
2.65 30
2.66 30
2.67 30
2.68 30
2.69 30
2.70 30
2.71 30
2.72 30
2.73 30
2.74 29
2.75 29
2.76 29
2.77 29
2.78 29
2.79 29
2.80 29
2.81 29
2.82 29
2.83 28
2.84 28
2.85 28
2.86 28
2.87 28
2.88 28
2.89 28
2.90 28
2.91 28
2.92 28
2.93 28
2.94 27
2.95 27
2.96 27
2.97 27
2.98 27
2.99 27
3.00 27

----------------------------------------------------------------------------------------------------
N* from FGLM Multihomogeneous Bézout
----------------------------------------------------------------------------------------------------
1.00 73
1.01 72
1.02 71
1.03 71
1.04 70
1.05 69
1.06 69
1.07 68
1.08 67
1.09 67
1.10 66
1.11 66
1.12 65
1.13 64
1.14 64
1.15 63
1.16 63
1.17 62
1.18 62
1.19 61
1.20 61
1.21 60
1.22 60
1.23 59
1.24 59
1.25 58
1.26 58
1.27 57
1.28 57
1.29 57
1.30 56
1.31 56
1.32 55
1.33 55
1.34 55
1.35 54
1.36 54
1.37 53
1.38 53
1.39 53
1.40 52
1.41 52
1.42 51
1.43 51
1.44 51
1.45 50
1.46 50
1.47 50
1.48 49
1.49 49
1.50 49
1.51 48
1.52 48
1.53 48
1.54 48
1.55 47
1.56 47
1.57 47
1.58 46
1.59 46
1.60 46
1.61 45
1.62 45
1.63 45
1.64 45
1.65 44
1.66 44
1.67 44
1.68 44
1.69 43
1.70 43
1.71 43
1.72 43
1.73 42
1.74 42
1.75 42
1.76 42
1.77 41
1.78 41
1.79 41
1.80 41
1.81 41
1.82 40
1.83 40
1.84 40
1.85 40
1.86 39
1.87 39
1.88 39
1.89 39
1.90 39
1.91 38
1.92 38
1.93 38
1.94 38
1.95 38
1.96 38
1.97 37
1.98 37
1.99 37
2.00 37
2.01 37
2.02 36
2.03 36
2.04 36
2.05 36
2.06 36
2.07 36
2.08 35
2.09 35
2.10 35
2.11 35
2.12 35
2.13 35
2.14 34
2.15 34
2.16 34
2.17 34
2.18 34
2.19 34
2.20 33
2.21 33
2.22 33
2.23 33
2.24 33
2.25 33
2.26 33
2.27 32
2.28 32
2.29 32
2.30 32
2.31 32
2.32 32
2.33 32
2.34 32
2.35 31
2.36 31
2.37 31
2.38 31
2.39 31
2.40 31
2.41 31
2.42 31
2.43 30
2.44 30
2.45 30
2.46 30
2.47 30
2.48 30
2.49 30
2.50 30
2.51 29
2.52 29
2.53 29
2.54 29
2.55 29
2.56 29
2.57 29
2.58 29
2.59 29
2.60 28
2.61 28
2.62 28
2.63 28
2.64 28
2.65 28
2.66 28
2.67 28
2.68 28
2.69 28
2.70 27
2.71 27
2.72 27
2.73 27
2.74 27
2.75 27
2.76 27
2.77 27
2.78 27
2.79 27
2.80 26
2.81 26
2.82 26
2.83 26
2.84 26
2.85 26
2.86 26
2.87 26
2.88 26
2.89 26
2.90 26
2.91 25
2.92 25
2.93 25
2.94 25
2.95 25
2.96 25
2.97 25
2.98 25
2.99 25
3.00 25

----------------------------------------------------------------------------------------------------
N* from FGLM Classical Bézout
----------------------------------------------------------------------------------------------------
1.00 47
1.01 47
1.02 46
1.03 46
1.04 46
1.05 45
1.06 45
1.07 45
1.08 44
1.09 44
1.10 44
1.11 43
1.12 43
1.13 43
1.14 42
1.15 42
1.16 42
1.17 42
1.18 41
1.19 41
1.20 41
1.21 40
1.22 40
1.23 40
1.24 40
1.25 39
1.26 39
1.27 39
1.28 39
1.29 38
1.30 38
1.31 38
1.32 38
1.33 38
1.34 37
1.35 37
1.36 37
1.37 37
1.38 36
1.39 36
1.40 36
1.41 36
1.42 36
1.43 35
1.44 35
1.45 35
1.46 35
1.47 35
1.48 34
1.49 34
1.50 34
1.51 34
1.52 34
1.53 34
1.54 33
1.55 33
1.56 33
1.57 33
1.58 33
1.59 33
1.60 32
1.61 32
1.62 32
1.63 32
1.64 32
1.65 32
1.66 31
1.67 31
1.68 31
1.69 31
1.70 31
1.71 31
1.72 31
1.73 30
1.74 30
1.75 30
1.76 30
1.77 30
1.78 30
1.79 30
1.80 29
1.81 29
1.82 29
1.83 29
1.84 29
1.85 29
1.86 29
1.87 29
1.88 28
1.89 28
1.90 28
1.91 28
1.92 28
1.93 28
1.94 28
1.95 28
1.96 28
1.97 27
1.98 27
1.99 27
2.00 27
2.01 27
2.02 27
2.03 27
2.04 27
2.05 27
2.06 26
2.07 26
2.08 26
2.09 26
2.10 26
2.11 26
2.12 26
2.13 26
2.14 26
2.15 26
2.16 26
2.17 25
2.18 25
2.19 25
2.20 25
2.21 25
2.22 25
2.23 25
2.24 25
2.25 25
2.26 25
2.27 25
2.28 24
2.29 24
2.30 24
2.31 24
2.32 24
2.33 24
2.34 24
2.35 24
2.36 24
2.37 24
2.38 24
2.39 24
2.40 23
2.41 23
2.42 23
2.43 23
2.44 23
2.45 23
2.46 23
2.47 23
2.48 23
2.49 23
2.50 23
2.51 23
2.52 23
2.53 23
2.54 22
2.55 22
2.56 22
2.57 22
2.58 22
2.59 22
2.60 22
2.61 22
2.62 22
2.63 22
2.64 22
2.65 22
2.66 22
2.67 22
2.68 22
2.69 21
2.70 21
2.71 21
2.72 21
2.73 21
2.74 21
2.75 21
2.76 21
2.77 21
2.78 21
2.79 21
2.80 21
2.81 21
2.82 21
2.83 21
2.84 21
2.85 20
2.86 20
2.87 20
2.88 20
2.89 20
2.90 20
2.91 20
2.92 20
2.93 20
2.94 20
2.95 20
2.96 20
2.97 20
2.98 20
2.99 20
3.00 20

----------------------------------------------------------------------------------------------------
N* from FAC approximation
----------------------------------------------------------------------------------------------------
1.00 45
3.00 45

----------------------------------------------------------------------------------------------------
N* from FAC Multihomogeneous Bézout
----------------------------------------------------------------------------------------------------
1.00 41
3.00 41

----------------------------------------------------------------------------------------------------
N* from FAC Classical Bézout
----------------------------------------------------------------------------------------------------
1.00 30
3.00 30

