----------------------------------------------------------------------------------------------------
Conjectured number of rounds (s=256)
----------------------------------------------------------------------------------------------------

----------------------------------------------------------------------------------------------------
FCICO
----------------------------------------------------------------------------------------------------

----------------------------------------------------------------------------------------------------
N* from GB approximation: Approx
----------------------------------------------------------------------------------------------------
1.00 53
1.01 53
1.02 52
1.03 52
1.04 51
1.05 51
1.06 50
1.07 50
1.08 49
1.09 49
1.10 48
1.11 48
1.12 48
1.13 47
1.14 47
1.15 46
1.16 46
1.17 46
1.18 45
1.19 45
1.20 44
1.21 44
1.22 44
1.23 43
1.24 43
1.25 43
1.26 42
1.27 42
1.28 42
1.29 41
1.30 41
1.31 41
1.32 41
1.33 40
1.34 40
1.35 40
1.36 39
1.37 39
1.38 39
1.39 39
1.40 38
1.41 38
1.42 38
1.43 38
1.44 37
1.45 37
1.46 37
1.47 37
1.48 36
1.49 36
1.50 36
1.51 36
1.52 35
1.53 35
1.54 35
1.55 35
1.56 35
1.57 34
1.58 34
1.59 34
1.60 34
1.61 33
1.62 33
1.63 33
1.64 33
1.65 33
1.66 33
1.67 32
1.68 32
1.69 32
1.70 32
1.71 32
1.72 31
1.73 31
1.74 31
1.75 31
1.76 31
1.77 31
1.78 30
1.79 30
1.80 30
1.81 30
1.82 30
1.83 30
1.84 29
1.85 29
1.86 29
1.87 29
1.88 29
1.89 29
1.90 29
1.91 28
1.92 28
1.93 28
1.94 28
1.95 28
1.96 28
1.97 28
1.98 27
1.99 27
2.00 27
2.01 27
2.02 27
2.03 27
2.04 27
2.05 27
2.06 26
2.07 26
2.08 26
2.09 26
2.10 26
2.11 26
2.12 26
2.13 26
2.14 25
2.15 25
2.16 25
2.17 25
2.18 25
2.19 25
2.20 25
2.21 25
2.22 25
2.23 25
2.24 24
2.25 24
2.26 24
2.27 24
2.28 24
2.29 24
2.30 24
2.31 24
2.32 24
2.33 24
2.34 23
2.35 23
2.36 23
2.37 23
2.38 23
2.39 23
2.40 23
2.41 23
2.42 23
2.43 23
2.44 23
2.45 22
2.46 22
2.47 22
2.48 22
2.49 22
2.50 22
2.51 22
2.52 22
2.53 22
2.54 22
2.55 22
2.56 22
2.57 21
2.58 21
2.59 21
2.60 21
2.61 21
2.62 21
2.63 21
2.64 21
2.65 21
2.66 21
2.67 21
2.68 21
2.69 21
2.70 20
2.71 20
2.72 20
2.73 20
2.74 20
2.75 20
2.76 20
2.77 20
2.78 20
2.79 20
2.80 20
2.81 20
2.82 20
2.83 20
2.84 19
2.85 19
2.86 19
2.87 19
2.88 19
2.89 19
2.90 19
2.91 19
2.92 19
2.93 19
2.94 19
2.95 19
2.96 19
2.97 19
2.98 19
2.99 19
3.00 19

----------------------------------------------------------------------------------------------------
N* from GB Macaulay
----------------------------------------------------------------------------------------------------
1.00 36
1.01 36
1.02 35
1.03 35
1.04 35
1.05 34
1.06 34
1.07 34
1.08 33
1.09 33
1.10 33
1.11 32
1.12 32
1.13 32
1.14 32
1.15 31
1.16 31
1.17 31
1.18 31
1.19 30
1.20 30
1.21 30
1.22 30
1.23 29
1.24 29
1.25 29
1.26 29
1.27 29
1.28 28
1.29 28
1.30 28
1.31 28
1.32 28
1.33 27
1.34 27
1.35 27
1.36 27
1.37 27
1.38 26
1.39 26
1.40 26
1.41 26
1.42 26
1.43 26
1.44 25
1.45 25
1.46 25
1.47 25
1.48 25
1.49 25
1.50 24
1.51 24
1.52 24
1.53 24
1.54 24
1.55 24
1.56 24
1.57 23
1.58 23
1.59 23
1.60 23
1.61 23
1.62 23
1.63 23
1.64 22
1.65 22
1.66 22
1.67 22
1.68 22
1.69 22
1.70 22
1.71 22
1.72 21
1.73 21
1.74 21
1.75 21
1.76 21
1.77 21
1.78 21
1.79 21
1.80 21
1.81 20
1.82 20
1.83 20
1.84 20
1.85 20
1.86 20
1.87 20
1.88 20
1.89 20
1.90 20
1.91 19
1.92 19
1.93 19
1.94 19
1.95 19
1.96 19
1.97 19
1.98 19
1.99 19
2.00 19
2.01 19
2.02 19
2.03 18
2.04 18
2.05 18
2.06 18
2.07 18
2.08 18
2.09 18
2.10 18
2.11 18
2.12 18
2.13 18
2.14 18
2.15 17
2.16 17
2.17 17
2.18 17
2.19 17
2.20 17
2.21 17
2.22 17
2.23 17
2.24 17
2.25 17
2.26 17
2.27 17
2.28 17
2.29 16
2.30 16
2.31 16
2.32 16
2.33 16
2.34 16
2.35 16
2.36 16
2.37 16
2.38 16
2.39 16
2.40 16
2.41 16
2.42 16
2.43 16
2.44 16
2.45 15
2.46 15
2.47 15
2.48 15
2.49 15
2.50 15
2.51 15
2.52 15
2.53 15
2.54 15
2.55 15
2.56 15
2.57 15
2.58 15
2.59 15
2.60 15
2.61 15
2.62 15
2.63 15
2.64 14
2.65 14
2.66 14
2.67 14
2.68 14
2.69 14
2.70 14
2.71 14
2.72 14
2.73 14
2.74 14
2.75 14
2.76 14
2.77 14
2.78 14
2.79 14
2.80 14
2.81 14
2.82 14
2.83 14
2.84 14
2.85 14
2.86 13
2.87 13
2.88 13
2.89 13
2.90 13
2.91 13
2.92 13
2.93 13
2.94 13
2.95 13
2.96 13
2.97 13
2.98 13
2.99 13
3.00 13

----------------------------------------------------------------------------------------------------
N* from FGLM approximation
----------------------------------------------------------------------------------------------------
1.00 89
1.01 88
1.02 87
1.03 86
1.04 86
1.05 85
1.06 84
1.07 83
1.08 83
1.09 82
1.10 81
1.11 80
1.12 80
1.13 79
1.14 78
1.15 78
1.16 77
1.17 76
1.18 76
1.19 75
1.20 74
1.21 74
1.22 73
1.23 73
1.24 72
1.25 71
1.26 71
1.27 70
1.28 70
1.29 69
1.30 69
1.31 68
1.32 68
1.33 67
1.34 67
1.35 66
1.36 66
1.37 65
1.38 65
1.39 64
1.40 64
1.41 63
1.42 63
1.43 63
1.44 62
1.45 62
1.46 61
1.47 61
1.48 60
1.49 60
1.50 60
1.51 59
1.52 59
1.53 59
1.54 58
1.55 58
1.56 57
1.57 57
1.58 57
1.59 56
1.60 56
1.61 56
1.62 55
1.63 55
1.64 55
1.65 54
1.66 54
1.67 54
1.68 53
1.69 53
1.70 53
1.71 52
1.72 52
1.73 52
1.74 52
1.75 51
1.76 51
1.77 51
1.78 50
1.79 50
1.80 50
1.81 50
1.82 49
1.83 49
1.84 49
1.85 49
1.86 48
1.87 48
1.88 48
1.89 48
1.90 47
1.91 47
1.92 47
1.93 47
1.94 46
1.95 46
1.96 46
1.97 46
1.98 45
1.99 45
2.00 45
2.01 45
2.02 45
2.03 44
2.04 44
2.05 44
2.06 44
2.07 43
2.08 43
2.09 43
2.10 43
2.11 43
2.12 42
2.13 42
2.14 42
2.15 42
2.16 42
2.17 41
2.18 41
2.19 41
2.20 41
2.21 41
2.22 41
2.23 40
2.24 40
2.25 40
2.26 40
2.27 40
2.28 40
2.29 39
2.30 39
2.31 39
2.32 39
2.33 39
2.34 39
2.35 38
2.36 38
2.37 38
2.38 38
2.39 38
2.40 38
2.41 37
2.42 37
2.43 37
2.44 37
2.45 37
2.46 37
2.47 37
2.48 36
2.49 36
2.50 36
2.51 36
2.52 36
2.53 36
2.54 36
2.55 35
2.56 35
2.57 35
2.58 35
2.59 35
2.60 35
2.61 35
2.62 34
2.63 34
2.64 34
2.65 34
2.66 34
2.67 34
2.68 34
2.69 34
2.70 33
2.71 33
2.72 33
2.73 33
2.74 33
2.75 33
2.76 33
2.77 33
2.78 33
2.79 32
2.80 32
2.81 32
2.82 32
2.83 32
2.84 32
2.85 32
2.86 32
2.87 32
2.88 31
2.89 31
2.90 31
2.91 31
2.92 31
2.93 31
2.94 31
2.95 31
2.96 31
2.97 30
2.98 30
2.99 30
3.00 30

----------------------------------------------------------------------------------------------------
N* from FGLM Multihomogeneous Bézout
----------------------------------------------------------------------------------------------------
1.00 54
1.01 54
1.02 53
1.03 53
1.04 52
1.05 52
1.06 51
1.07 51
1.08 50
1.09 50
1.10 49
1.11 49
1.12 48
1.13 48
1.14 48
1.15 47
1.16 47
1.17 46
1.18 46
1.19 46
1.20 45
1.21 45
1.22 45
1.23 44
1.24 44
1.25 43
1.26 43
1.27 43
1.28 42
1.29 42
1.30 42
1.31 42
1.32 41
1.33 41
1.34 41
1.35 40
1.36 40
1.37 40
1.38 39
1.39 39
1.40 39
1.41 39
1.42 38
1.43 38
1.44 38
1.45 38
1.46 37
1.47 37
1.48 37
1.49 37
1.50 36
1.51 36
1.52 36
1.53 36
1.54 35
1.55 35
1.56 35
1.57 35
1.58 35
1.59 34
1.60 34
1.61 34
1.62 34
1.63 34
1.64 33
1.65 33
1.66 33
1.67 33
1.68 33
1.69 32
1.70 32
1.71 32
1.72 32
1.73 32
1.74 31
1.75 31
1.76 31
1.77 31
1.78 31
1.79 31
1.80 30
1.81 30
1.82 30
1.83 30
1.84 30
1.85 30
1.86 29
1.87 29
1.88 29
1.89 29
1.90 29
1.91 29
1.92 29
1.93 28
1.94 28
1.95 28
1.96 28
1.97 28
1.98 28
1.99 28
2.00 27
2.01 27
2.02 27
2.03 27
2.04 27
2.05 27
2.06 27
2.07 27
2.08 26
2.09 26
2.10 26
2.11 26
2.12 26
2.13 26
2.14 26
2.15 26
2.16 25
2.17 25
2.18 25
2.19 25
2.20 25
2.21 25
2.22 25
2.23 25
2.24 25
2.25 24
2.26 24
2.27 24
2.28 24
2.29 24
2.30 24
2.31 24
2.32 24
2.33 24
2.34 24
2.35 23
2.36 23
2.37 23
2.38 23
2.39 23
2.40 23
2.41 23
2.42 23
2.43 23
2.44 23
2.45 23
2.46 22
2.47 22
2.48 22
2.49 22
2.50 22
2.51 22
2.52 22
2.53 22
2.54 22
2.55 22
2.56 22
2.57 21
2.58 21
2.59 21
2.60 21
2.61 21
2.62 21
2.63 21
2.64 21
2.65 21
2.66 21
2.67 21
2.68 21
2.69 21
2.70 20
2.71 20
2.72 20
2.73 20
2.74 20
2.75 20
2.76 20
2.77 20
2.78 20
2.79 20
2.80 20
2.81 20
2.82 20
2.83 20
2.84 20
2.85 19
2.86 19
2.87 19
2.88 19
2.89 19
2.90 19
2.91 19
2.92 19
2.93 19
2.94 19
2.95 19
2.96 19
2.97 19
2.98 19
2.99 19
3.00 19

----------------------------------------------------------------------------------------------------
N* from FGLM Classical Bézout
----------------------------------------------------------------------------------------------------
1.00 54
1.01 54
1.02 53
1.03 53
1.04 52
1.05 52
1.06 51
1.07 51
1.08 50
1.09 50
1.10 49
1.11 49
1.12 48
1.13 48
1.14 48
1.15 47
1.16 47
1.17 46
1.18 46
1.19 46
1.20 45
1.21 45
1.22 45
1.23 44
1.24 44
1.25 43
1.26 43
1.27 43
1.28 42
1.29 42
1.30 42
1.31 42
1.32 41
1.33 41
1.34 41
1.35 40
1.36 40
1.37 40
1.38 39
1.39 39
1.40 39
1.41 39
1.42 38
1.43 38
1.44 38
1.45 38
1.46 37
1.47 37
1.48 37
1.49 37
1.50 36
1.51 36
1.52 36
1.53 36
1.54 35
1.55 35
1.56 35
1.57 35
1.58 35
1.59 34
1.60 34
1.61 34
1.62 34
1.63 34
1.64 33
1.65 33
1.66 33
1.67 33
1.68 33
1.69 32
1.70 32
1.71 32
1.72 32
1.73 32
1.74 31
1.75 31
1.76 31
1.77 31
1.78 31
1.79 31
1.80 30
1.81 30
1.82 30
1.83 30
1.84 30
1.85 30
1.86 29
1.87 29
1.88 29
1.89 29
1.90 29
1.91 29
1.92 29
1.93 28
1.94 28
1.95 28
1.96 28
1.97 28
1.98 28
1.99 28
2.00 27
2.01 27
2.02 27
2.03 27
2.04 27
2.05 27
2.06 27
2.07 27
2.08 26
2.09 26
2.10 26
2.11 26
2.12 26
2.13 26
2.14 26
2.15 26
2.16 25
2.17 25
2.18 25
2.19 25
2.20 25
2.21 25
2.22 25
2.23 25
2.24 25
2.25 24
2.26 24
2.27 24
2.28 24
2.29 24
2.30 24
2.31 24
2.32 24
2.33 24
2.34 24
2.35 23
2.36 23
2.37 23
2.38 23
2.39 23
2.40 23
2.41 23
2.42 23
2.43 23
2.44 23
2.45 23
2.46 22
2.47 22
2.48 22
2.49 22
2.50 22
2.51 22
2.52 22
2.53 22
2.54 22
2.55 22
2.56 22
2.57 21
2.58 21
2.59 21
2.60 21
2.61 21
2.62 21
2.63 21
2.64 21
2.65 21
2.66 21
2.67 21
2.68 21
2.69 21
2.70 20
2.71 20
2.72 20
2.73 20
2.74 20
2.75 20
2.76 20
2.77 20
2.78 20
2.79 20
2.80 20
2.81 20
2.82 20
2.83 20
2.84 20
2.85 19
2.86 19
2.87 19
2.88 19
2.89 19
2.90 19
2.91 19
2.92 19
2.93 19
2.94 19
2.95 19
2.96 19
2.97 19
2.98 19
2.99 19
3.00 19

----------------------------------------------------------------------------------------------------
N* from FAC approximation
----------------------------------------------------------------------------------------------------
1.00 51
3.00 51

----------------------------------------------------------------------------------------------------
N* from FAC Multihomogeneous Bézout
----------------------------------------------------------------------------------------------------
1.00 31
3.00 31

----------------------------------------------------------------------------------------------------
N* from FAC Classical Bézout
----------------------------------------------------------------------------------------------------
1.00 31
3.00 31

----------------------------------------------------------------------------------------------------
PCICO
----------------------------------------------------------------------------------------------------

----------------------------------------------------------------------------------------------------
N* from GB approximation: Approx
----------------------------------------------------------------------------------------------------
1.00 72
1.01 71
1.02 70
1.03 70
1.04 69
1.05 68
1.06 68
1.07 67
1.08 66
1.09 66
1.10 65
1.11 65
1.12 64
1.13 64
1.14 63
1.15 63
1.16 62
1.17 61
1.18 61
1.19 60
1.20 60
1.21 60
1.22 59
1.23 59
1.24 58
1.25 58
1.26 57
1.27 57
1.28 56
1.29 56
1.30 55
1.31 55
1.32 55
1.33 54
1.34 54
1.35 53
1.36 53
1.37 53
1.38 52
1.39 52
1.40 52
1.41 51
1.42 51
1.43 51
1.44 50
1.45 50
1.46 50
1.47 49
1.48 49
1.49 49
1.50 48
1.51 48
1.52 48
1.53 47
1.54 47
1.55 47
1.56 46
1.57 46
1.58 46
1.59 46
1.60 45
1.61 45
1.62 45
1.63 45
1.64 44
1.65 44
1.66 44
1.67 44
1.68 43
1.69 43
1.70 43
1.71 43
1.72 42
1.73 42
1.74 42
1.75 42
1.76 41
1.77 41
1.78 41
1.79 41
1.80 40
1.81 40
1.82 40
1.83 40
1.84 40
1.85 39
1.86 39
1.87 39
1.88 39
1.89 39
1.90 38
1.91 38
1.92 38
1.93 38
1.94 38
1.95 37
1.96 37
1.97 37
1.98 37
1.99 37
2.00 37
2.01 36
2.02 36
2.03 36
2.04 36
2.05 36
2.06 36
2.07 35
2.08 35
2.09 35
2.10 35
2.11 35
2.12 35
2.13 34
2.14 34
2.15 34
2.16 34
2.17 34
2.18 34
2.19 34
2.20 33
2.21 33
2.22 33
2.23 33
2.24 33
2.25 33
2.26 33
2.27 32
2.28 32
2.29 32
2.30 32
2.31 32
2.32 32
2.33 32
2.34 31
2.35 31
2.36 31
2.37 31
2.38 31
2.39 31
2.40 31
2.41 31
2.42 30
2.43 30
2.44 30
2.45 30
2.46 30
2.47 30
2.48 30
2.49 30
2.50 30
2.51 29
2.52 29
2.53 29
2.54 29
2.55 29
2.56 29
2.57 29
2.58 29
2.59 29
2.60 28
2.61 28
2.62 28
2.63 28
2.64 28
2.65 28
2.66 28
2.67 28
2.68 28
2.69 28
2.70 27
2.71 27
2.72 27
2.73 27
2.74 27
2.75 27
2.76 27
2.77 27
2.78 27
2.79 27
2.80 26
2.81 26
2.82 26
2.83 26
2.84 26
2.85 26
2.86 26
2.87 26
2.88 26
2.89 26
2.90 26
2.91 26
2.92 25
2.93 25
2.94 25
2.95 25
2.96 25
2.97 25
2.98 25
2.99 25
3.00 25

----------------------------------------------------------------------------------------------------
N* from GB Macaulay
----------------------------------------------------------------------------------------------------
1.00 38
1.01 37
1.02 37
1.03 37
1.04 37
1.05 36
1.06 36
1.07 36
1.08 36
1.09 35
1.10 35
1.11 35
1.12 35
1.13 34
1.14 34
1.15 34
1.16 34
1.17 33
1.18 33
1.19 33
1.20 33
1.21 32
1.22 32
1.23 32
1.24 32
1.25 32
1.26 31
1.27 31
1.28 31
1.29 31
1.30 31
1.31 31
1.32 30
1.33 30
1.34 30
1.35 30
1.36 30
1.37 29
1.38 29
1.39 29
1.40 29
1.41 29
1.42 29
1.43 28
1.44 28
1.45 28
1.46 28
1.47 28
1.48 28
1.49 28
1.50 27
1.51 27
1.52 27
1.53 27
1.54 27
1.55 27
1.56 27
1.57 26
1.58 26
1.59 26
1.60 26
1.61 26
1.62 26
1.63 26
1.64 26
1.65 25
1.66 25
1.67 25
1.68 25
1.69 25
1.70 25
1.71 25
1.72 25
1.73 25
1.74 24
1.75 24
1.76 24
1.77 24
1.78 24
1.79 24
1.80 24
1.81 24
1.82 24
1.83 23
1.84 23
1.85 23
1.86 23
1.87 23
1.88 23
1.89 23
1.90 23
1.91 23
1.92 23
1.93 23
1.94 22
1.95 22
1.96 22
1.97 22
1.98 22
1.99 22
2.00 22
2.01 22
2.02 22
2.03 22
2.04 22
2.05 22
2.06 21
2.07 21
2.08 21
2.09 21
2.10 21
2.11 21
2.12 21
2.13 21
2.14 21
2.15 21
2.16 21
2.17 21
2.18 21
2.19 20
2.20 20
2.21 20
2.22 20
2.23 20
2.24 20
2.25 20
2.26 20
2.27 20
2.28 20
2.29 20
2.30 20
2.31 20
2.32 20
2.33 20
2.34 19
2.35 19
2.36 19
2.37 19
2.38 19
2.39 19
2.40 19
2.41 19
2.42 19
2.43 19
2.44 19
2.45 19
2.46 19
2.47 19
2.48 19
2.49 19
2.50 18
2.51 18
2.52 18
2.53 18
2.54 18
2.55 18
2.56 18
2.57 18
2.58 18
2.59 18
2.60 18
2.61 18
2.62 18
2.63 18
2.64 18
2.65 18
2.66 18
2.67 18
2.68 18
2.69 17
2.70 17
2.71 17
2.72 17
2.73 17
2.74 17
2.75 17
2.76 17
2.77 17
2.78 17
2.79 17
2.80 17
2.81 17
2.82 17
2.83 17
2.84 17
2.85 17
2.86 17
2.87 17
2.88 17
2.89 17
2.90 17
2.91 16
2.92 16
2.93 16
2.94 16
2.95 16
2.96 16
2.97 16
2.98 16
2.99 16
3.00 16

----------------------------------------------------------------------------------------------------
N* from FGLM approximation
----------------------------------------------------------------------------------------------------
1.00 89
1.01 89
1.02 88
1.03 87
1.04 86
1.05 85
1.06 84
1.07 84
1.08 83
1.09 82
1.10 81
1.11 81
1.12 80
1.13 79
1.14 79
1.15 78
1.16 77
1.17 77
1.18 76
1.19 75
1.20 75
1.21 74
1.22 73
1.23 73
1.24 72
1.25 72
1.26 71
1.27 71
1.28 70
1.29 69
1.30 69
1.31 68
1.32 68
1.33 67
1.34 67
1.35 66
1.36 66
1.37 65
1.38 65
1.39 65
1.40 64
1.41 64
1.42 63
1.43 63
1.44 62
1.45 62
1.46 62
1.47 61
1.48 61
1.49 60
1.50 60
1.51 59
1.52 59
1.53 59
1.54 58
1.55 58
1.56 58
1.57 57
1.58 57
1.59 57
1.60 56
1.61 56
1.62 56
1.63 55
1.64 55
1.65 55
1.66 54
1.67 54
1.68 54
1.69 53
1.70 53
1.71 53
1.72 52
1.73 52
1.74 52
1.75 51
1.76 51
1.77 51
1.78 51
1.79 50
1.80 50
1.81 50
1.82 49
1.83 49
1.84 49
1.85 49
1.86 48
1.87 48
1.88 48
1.89 48
1.90 47
1.91 47
1.92 47
1.93 47
1.94 46
1.95 46
1.96 46
1.97 46
1.98 46
1.99 45
2.00 45
2.01 45
2.02 45
2.03 44
2.04 44
2.05 44
2.06 44
2.07 44
2.08 43
2.09 43
2.10 43
2.11 43
2.12 43
2.13 42
2.14 42
2.15 42
2.16 42
2.17 42
2.18 41
2.19 41
2.20 41
2.21 41
2.22 41
2.23 41
2.24 40
2.25 40
2.26 40
2.27 40
2.28 40
2.29 39
2.30 39
2.31 39
2.32 39
2.33 39
2.34 39
2.35 39
2.36 38
2.37 38
2.38 38
2.39 38
2.40 38
2.41 38
2.42 37
2.43 37
2.44 37
2.45 37
2.46 37
2.47 37
2.48 37
2.49 36
2.50 36
2.51 36
2.52 36
2.53 36
2.54 36
2.55 36
2.56 35
2.57 35
2.58 35
2.59 35
2.60 35
2.61 35
2.62 35
2.63 34
2.64 34
2.65 34
2.66 34
2.67 34
2.68 34
2.69 34
2.70 34
2.71 33
2.72 33
2.73 33
2.74 33
2.75 33
2.76 33
2.77 33
2.78 33
2.79 33
2.80 32
2.81 32
2.82 32
2.83 32
2.84 32
2.85 32
2.86 32
2.87 32
2.88 32
2.89 31
2.90 31
2.91 31
2.92 31
2.93 31
2.94 31
2.95 31
2.96 31
2.97 31
2.98 31
2.99 30
3.00 30

----------------------------------------------------------------------------------------------------
N* from FGLM Multihomogeneous Bézout
----------------------------------------------------------------------------------------------------
1.00 79
1.01 79
1.02 78
1.03 77
1.04 76
1.05 76
1.06 75
1.07 74
1.08 74
1.09 73
1.10 72
1.11 72
1.12 71
1.13 70
1.14 70
1.15 69
1.16 69
1.17 68
1.18 67
1.19 67
1.20 66
1.21 66
1.22 65
1.23 65
1.24 64
1.25 64
1.26 63
1.27 63
1.28 62
1.29 62
1.30 61
1.31 61
1.32 60
1.33 60
1.34 59
1.35 59
1.36 59
1.37 58
1.38 58
1.39 57
1.40 57
1.41 57
1.42 56
1.43 56
1.44 55
1.45 55
1.46 55
1.47 54
1.48 54
1.49 54
1.50 53
1.51 53
1.52 53
1.53 52
1.54 52
1.55 52
1.56 51
1.57 51
1.58 51
1.59 50
1.60 50
1.61 50
1.62 49
1.63 49
1.64 49
1.65 48
1.66 48
1.67 48
1.68 48
1.69 47
1.70 47
1.71 47
1.72 47
1.73 46
1.74 46
1.75 46
1.76 45
1.77 45
1.78 45
1.79 45
1.80 44
1.81 44
1.82 44
1.83 44
1.84 44
1.85 43
1.86 43
1.87 43
1.88 43
1.89 42
1.90 42
1.91 42
1.92 42
1.93 42
1.94 41
1.95 41
1.96 41
1.97 41
1.98 41
1.99 40
2.00 40
2.01 40
2.02 40
2.03 40
2.04 39
2.05 39
2.06 39
2.07 39
2.08 39
2.09 38
2.10 38
2.11 38
2.12 38
2.13 38
2.14 38
2.15 37
2.16 37
2.17 37
2.18 37
2.19 37
2.20 37
2.21 36
2.22 36
2.23 36
2.24 36
2.25 36
2.26 36
2.27 35
2.28 35
2.29 35
2.30 35
2.31 35
2.32 35
2.33 35
2.34 34
2.35 34
2.36 34
2.37 34
2.38 34
2.39 34
2.40 34
2.41 33
2.42 33
2.43 33
2.44 33
2.45 33
2.46 33
2.47 33
2.48 33
2.49 32
2.50 32
2.51 32
2.52 32
2.53 32
2.54 32
2.55 32
2.56 32
2.57 31
2.58 31
2.59 31
2.60 31
2.61 31
2.62 31
2.63 31
2.64 31
2.65 30
2.66 30
2.67 30
2.68 30
2.69 30
2.70 30
2.71 30
2.72 30
2.73 30
2.74 29
2.75 29
2.76 29
2.77 29
2.78 29
2.79 29
2.80 29
2.81 29
2.82 29
2.83 29
2.84 28
2.85 28
2.86 28
2.87 28
2.88 28
2.89 28
2.90 28
2.91 28
2.92 28
2.93 28
2.94 28
2.95 27
2.96 27
2.97 27
2.98 27
2.99 27
3.00 27

----------------------------------------------------------------------------------------------------
N* from FGLM Classical Bézout
----------------------------------------------------------------------------------------------------
1.00 47
1.01 47
1.02 47
1.03 46
1.04 46
1.05 46
1.06 45
1.07 45
1.08 45
1.09 44
1.10 44
1.11 44
1.12 43
1.13 43
1.14 43
1.15 42
1.16 42
1.17 42
1.18 41
1.19 41
1.20 41
1.21 41
1.22 40
1.23 40
1.24 40
1.25 40
1.26 39
1.27 39
1.28 39
1.29 39
1.30 38
1.31 38
1.32 38
1.33 38
1.34 37
1.35 37
1.36 37
1.37 37
1.38 37
1.39 36
1.40 36
1.41 36
1.42 36
1.43 36
1.44 35
1.45 35
1.46 35
1.47 35
1.48 35
1.49 34
1.50 34
1.51 34
1.52 34
1.53 34
1.54 34
1.55 33
1.56 33
1.57 33
1.58 33
1.59 33
1.60 33
1.61 32
1.62 32
1.63 32
1.64 32
1.65 32
1.66 32
1.67 31
1.68 31
1.69 31
1.70 31
1.71 31
1.72 31
1.73 31
1.74 30
1.75 30
1.76 30
1.77 30
1.78 30
1.79 30
1.80 30
1.81 30
1.82 29
1.83 29
1.84 29
1.85 29
1.86 29
1.87 29
1.88 29
1.89 29
1.90 28
1.91 28
1.92 28
1.93 28
1.94 28
1.95 28
1.96 28
1.97 28
1.98 28
1.99 27
2.00 27
2.01 27
2.02 27
2.03 27
2.04 27
2.05 27
2.06 27
2.07 27
2.08 27
2.09 26
2.10 26
2.11 26
2.12 26
2.13 26
2.14 26
2.15 26
2.16 26
2.17 26
2.18 26
2.19 25
2.20 25
2.21 25
2.22 25
2.23 25
2.24 25
2.25 25
2.26 25
2.27 25
2.28 25
2.29 25
2.30 24
2.31 24
2.32 24
2.33 24
2.34 24
2.35 24
2.36 24
2.37 24
2.38 24
2.39 24
2.40 24
2.41 24
2.42 24
2.43 23
2.44 23
2.45 23
2.46 23
2.47 23
2.48 23
2.49 23
2.50 23
2.51 23
2.52 23
2.53 23
2.54 23
2.55 23
2.56 23
2.57 22
2.58 22
2.59 22
2.60 22
2.61 22
2.62 22
2.63 22
2.64 22
2.65 22
2.66 22
2.67 22
2.68 22
2.69 22
2.70 22
2.71 22
2.72 21
2.73 21
2.74 21
2.75 21
2.76 21
2.77 21
2.78 21
2.79 21
2.80 21
2.81 21
2.82 21
2.83 21
2.84 21
2.85 21
2.86 21
2.87 21
2.88 21
2.89 20
2.90 20
2.91 20
2.92 20
2.93 20
2.94 20
2.95 20
2.96 20
2.97 20
2.98 20
2.99 20
3.00 20

----------------------------------------------------------------------------------------------------
N* from FAC approximation
----------------------------------------------------------------------------------------------------
1.00 51
3.00 51

----------------------------------------------------------------------------------------------------
N* from FAC Multihomogeneous Bézout
----------------------------------------------------------------------------------------------------
1.00 45
3.00 45

----------------------------------------------------------------------------------------------------
N* from FAC Classical Bézout
----------------------------------------------------------------------------------------------------
1.00 30
3.00 30

