----------------------------------------------------------------------------------------------------
Conjectured number of rounds (s=128)
----------------------------------------------------------------------------------------------------

----------------------------------------------------------------------------------------------------
FCICO
----------------------------------------------------------------------------------------------------

----------------------------------------------------------------------------------------------------
N* from GB approximation: Approx
----------------------------------------------------------------------------------------------------
1.00 24
1.01 24
1.02 23
1.03 23
1.04 23
1.05 23
1.06 22
1.07 22
1.08 22
1.09 22
1.10 22
1.11 22
1.12 21
1.13 21
1.14 21
1.15 21
1.16 21
1.17 20
1.18 20
1.19 20
1.20 20
1.21 20
1.22 20
1.23 20
1.24 19
1.25 19
1.26 19
1.27 19
1.28 19
1.29 19
1.30 19
1.31 18
1.32 18
1.33 18
1.34 18
1.35 18
1.36 18
1.37 18
1.38 18
1.39 17
1.40 17
1.41 17
1.42 17
1.43 17
1.44 17
1.45 17
1.46 17
1.47 17
1.48 16
1.49 16
1.50 16
1.51 16
1.52 16
1.53 16
1.54 16
1.55 16
1.56 16
1.57 16
1.58 15
1.59 15
1.60 15
1.61 15
1.62 15
1.63 15
1.64 15
1.65 15
1.66 15
1.67 15
1.68 15
1.69 15
1.70 14
1.71 14
1.72 14
1.73 14
1.74 14
1.75 14
1.76 14
1.77 14
1.78 14
1.79 14
1.80 14
1.81 14
1.82 14
1.83 14
1.84 13
1.85 13
1.86 13
1.87 13
1.88 13
1.89 13
1.90 13
1.91 13
1.92 13
1.93 13
1.94 13
1.95 13
1.96 13
1.97 13
1.98 13
1.99 13
2.00 12
2.01 12
2.02 12
2.03 12
2.04 12
2.05 12
2.06 12
2.07 12
2.08 12
2.09 12
2.10 12
2.11 12
2.12 12
2.13 12
2.14 12
2.15 12
2.16 12
2.17 12
2.18 12
2.19 11
2.20 11
2.21 11
2.22 11
2.23 11
2.24 11
2.25 11
2.26 11
2.27 11
2.28 11
2.29 11
2.30 11
2.31 11
2.32 11
2.33 11
2.34 11
2.35 11
2.36 11
2.37 11
2.38 11
2.39 11
2.40 11
2.41 11
2.42 10
2.43 10
2.44 10
2.45 10
2.46 10
2.47 10
2.48 10
2.49 10
2.50 10
2.51 10
2.52 10
2.53 10
2.54 10
2.55 10
2.56 10
2.57 10
2.58 10
2.59 10
2.60 10
2.61 10
2.62 10
2.63 10
2.64 10
2.65 10
2.66 10
2.67 10
2.68 10
2.69 10
2.70 10
2.71 9
2.72 9
2.73 9
2.74 9
2.75 9
2.76 9
2.77 9
2.78 9
2.79 9
2.80 9
2.81 9
2.82 9
2.83 9
2.84 9
2.85 9
2.86 9
2.87 9
2.88 9
2.89 9
2.90 9
2.91 9
2.92 9
2.93 9
2.94 9
2.95 9
2.96 9
2.97 9
2.98 9
2.99 9
3.00 9

----------------------------------------------------------------------------------------------------
N* from GB Macaulay
----------------------------------------------------------------------------------------------------
1.00 16
1.01 16
1.02 16
1.03 16
1.04 15
1.05 15
1.06 15
1.07 15
1.08 15
1.09 15
1.10 15
1.11 15
1.12 14
1.13 14
1.14 14
1.15 14
1.16 14
1.17 14
1.18 14
1.19 14
1.20 14
1.21 13
1.22 13
1.23 13
1.24 13
1.25 13
1.26 13
1.27 13
1.28 13
1.29 13
1.30 13
1.31 13
1.32 12
1.33 12
1.34 12
1.35 12
1.36 12
1.37 12
1.38 12
1.39 12
1.40 12
1.41 12
1.42 12
1.43 12
1.44 12
1.45 11
1.46 11
1.47 11
1.48 11
1.49 11
1.50 11
1.51 11
1.52 11
1.53 11
1.54 11
1.55 11
1.56 11
1.57 11
1.58 11
1.59 11
1.60 11
1.61 10
1.62 10
1.63 10
1.64 10
1.65 10
1.66 10
1.67 10
1.68 10
1.69 10
1.70 10
1.71 10
1.72 10
1.73 10
1.74 10
1.75 10
1.76 10
1.77 10
1.78 10
1.79 10
1.80 9
1.81 9
1.82 9
1.83 9
1.84 9
1.85 9
1.86 9
1.87 9
1.88 9
1.89 9
1.90 9
1.91 9
1.92 9
1.93 9
1.94 9
1.95 9
1.96 9
1.97 9
1.98 9
1.99 9
2.00 9
2.01 9
2.02 9
2.03 9
2.04 9
2.05 8
2.06 8
2.07 8
2.08 8
2.09 8
2.10 8
2.11 8
2.12 8
2.13 8
2.14 8
2.15 8
2.16 8
2.17 8
2.18 8
2.19 8
2.20 8
2.21 8
2.22 8
2.23 8
2.24 8
2.25 8
2.26 8
2.27 8
2.28 8
2.29 8
2.30 8
2.31 8
2.32 8
2.33 8
2.34 8
2.35 8
2.36 8
2.37 8
2.38 7
2.39 7
2.40 7
2.41 7
2.42 7
2.43 7
2.44 7
2.45 7
2.46 7
2.47 7
2.48 7
2.49 7
2.50 7
2.51 7
2.52 7
2.53 7
2.54 7
2.55 7
2.56 7
2.57 7
2.58 7
2.59 7
2.60 7
2.61 7
2.62 7
2.63 7
2.64 7
2.65 7
2.66 7
2.67 7
2.68 7
2.69 7
2.70 7
2.71 7
2.72 7
2.73 7
2.74 7
2.75 7
2.76 7
2.77 7
2.78 7
2.79 7
2.80 7
2.81 7
2.82 7
2.83 6
2.84 6
2.85 6
2.86 6
2.87 6
2.88 6
2.89 6
2.90 6
2.91 6
2.92 6
2.93 6
2.94 6
2.95 6
2.96 6
2.97 6
2.98 6
2.99 6
3.00 6

----------------------------------------------------------------------------------------------------
N* from FGLM approximation
----------------------------------------------------------------------------------------------------
1.00 39
1.01 39
1.02 38
1.03 38
1.04 37
1.05 37
1.06 37
1.07 36
1.08 36
1.09 36
1.10 35
1.11 35
1.12 35
1.13 35
1.14 34
1.15 34
1.16 34
1.17 33
1.18 33
1.19 33
1.20 33
1.21 32
1.22 32
1.23 32
1.24 32
1.25 31
1.26 31
1.27 31
1.28 31
1.29 30
1.30 30
1.31 30
1.32 30
1.33 29
1.34 29
1.35 29
1.36 29
1.37 29
1.38 28
1.39 28
1.40 28
1.41 28
1.42 28
1.43 27
1.44 27
1.45 27
1.46 27
1.47 27
1.48 27
1.49 26
1.50 26
1.51 26
1.52 26
1.53 26
1.54 26
1.55 25
1.56 25
1.57 25
1.58 25
1.59 25
1.60 25
1.61 24
1.62 24
1.63 24
1.64 24
1.65 24
1.66 24
1.67 24
1.68 23
1.69 23
1.70 23
1.71 23
1.72 23
1.73 23
1.74 23
1.75 23
1.76 22
1.77 22
1.78 22
1.79 22
1.80 22
1.81 22
1.82 22
1.83 22
1.84 22
1.85 21
1.86 21
1.87 21
1.88 21
1.89 21
1.90 21
1.91 21
1.92 21
1.93 21
1.94 20
1.95 20
1.96 20
1.97 20
1.98 20
1.99 20
2.00 20
2.01 20
2.02 20
2.03 20
2.04 19
2.05 19
2.06 19
2.07 19
2.08 19
2.09 19
2.10 19
2.11 19
2.12 19
2.13 19
2.14 19
2.15 19
2.16 18
2.17 18
2.18 18
2.19 18
2.20 18
2.21 18
2.22 18
2.23 18
2.24 18
2.25 18
2.26 18
2.27 18
2.28 18
2.29 17
2.30 17
2.31 17
2.32 17
2.33 17
2.34 17
2.35 17
2.36 17
2.37 17
2.38 17
2.39 17
2.40 17
2.41 17
2.42 17
2.43 16
2.44 16
2.45 16
2.46 16
2.47 16
2.48 16
2.49 16
2.50 16
2.51 16
2.52 16
2.53 16
2.54 16
2.55 16
2.56 16
2.57 16
2.58 16
2.59 15
2.60 15
2.61 15
2.62 15
2.63 15
2.64 15
2.65 15
2.66 15
2.67 15
2.68 15
2.69 15
2.70 15
2.71 15
2.72 15
2.73 15
2.74 15
2.75 15
2.76 15
2.77 15
2.78 14
2.79 14
2.80 14
2.81 14
2.82 14
2.83 14
2.84 14
2.85 14
2.86 14
2.87 14
2.88 14
2.89 14
2.90 14
2.91 14
2.92 14
2.93 14
2.94 14
2.95 14
2.96 14
2.97 14
2.98 14
2.99 14
3.00 13

----------------------------------------------------------------------------------------------------
N* from FGLM Multihomogeneous Bézout
----------------------------------------------------------------------------------------------------
1.00 22
1.01 22
1.02 22
1.03 22
1.04 21
1.05 21
1.06 21
1.07 21
1.08 21
1.09 21
1.10 20
1.11 20
1.12 20
1.13 20
1.14 20
1.15 20
1.16 19
1.17 19
1.18 19
1.19 19
1.20 19
1.21 19
1.22 18
1.23 18
1.24 18
1.25 18
1.26 18
1.27 18
1.28 18
1.29 17
1.30 17
1.31 17
1.32 17
1.33 17
1.34 17
1.35 17
1.36 17
1.37 16
1.38 16
1.39 16
1.40 16
1.41 16
1.42 16
1.43 16
1.44 16
1.45 16
1.46 16
1.47 15
1.48 15
1.49 15
1.50 15
1.51 15
1.52 15
1.53 15
1.54 15
1.55 15
1.56 15
1.57 14
1.58 14
1.59 14
1.60 14
1.61 14
1.62 14
1.63 14
1.64 14
1.65 14
1.66 14
1.67 14
1.68 14
1.69 13
1.70 13
1.71 13
1.72 13
1.73 13
1.74 13
1.75 13
1.76 13
1.77 13
1.78 13
1.79 13
1.80 13
1.81 13
1.82 13
1.83 13
1.84 12
1.85 12
1.86 12
1.87 12
1.88 12
1.89 12
1.90 12
1.91 12
1.92 12
1.93 12
1.94 12
1.95 12
1.96 12
1.97 12
1.98 12
1.99 12
2.00 12
2.01 11
2.02 11
2.03 11
2.04 11
2.05 11
2.06 11
2.07 11
2.08 11
2.09 11
2.10 11
2.11 11
2.12 11
2.13 11
2.14 11
2.15 11
2.16 11
2.17 11
2.18 11
2.19 11
2.20 11
2.21 10
2.22 10
2.23 10
2.24 10
2.25 10
2.26 10
2.27 10
2.28 10
2.29 10
2.30 10
2.31 10
2.32 10
2.33 10
2.34 10
2.35 10
2.36 10
2.37 10
2.38 10
2.39 10
2.40 10
2.41 10
2.42 10
2.43 10
2.44 10
2.45 10
2.46 9
2.47 9
2.48 9
2.49 9
2.50 9
2.51 9
2.52 9
2.53 9
2.54 9
2.55 9
2.56 9
2.57 9
2.58 9
2.59 9
2.60 9
2.61 9
2.62 9
2.63 9
2.64 9
2.65 9
2.66 9
2.67 9
2.68 9
2.69 9
2.70 9
2.71 9
2.72 9
2.73 9
2.74 9
2.75 9
2.76 9
2.77 8
2.78 8
2.79 8
2.80 8
2.81 8
2.82 8
2.83 8
2.84 8
2.85 8
2.86 8
2.87 8
2.88 8
2.89 8
2.90 8
2.91 8
2.92 8
2.93 8
2.94 8
2.95 8
2.96 8
2.97 8
2.98 8
2.99 8
3.00 8

----------------------------------------------------------------------------------------------------
N* from FGLM Classical Bézout
----------------------------------------------------------------------------------------------------
1.00 22
1.01 22
1.02 22
1.03 22
1.04 21
1.05 21
1.06 21
1.07 21
1.08 21
1.09 21
1.10 20
1.11 20
1.12 20
1.13 20
1.14 20
1.15 20
1.16 19
1.17 19
1.18 19
1.19 19
1.20 19
1.21 19
1.22 18
1.23 18
1.24 18
1.25 18
1.26 18
1.27 18
1.28 18
1.29 17
1.30 17
1.31 17
1.32 17
1.33 17
1.34 17
1.35 17
1.36 17
1.37 16
1.38 16
1.39 16
1.40 16
1.41 16
1.42 16
1.43 16
1.44 16
1.45 16
1.46 16
1.47 15
1.48 15
1.49 15
1.50 15
1.51 15
1.52 15
1.53 15
1.54 15
1.55 15
1.56 15
1.57 14
1.58 14
1.59 14
1.60 14
1.61 14
1.62 14
1.63 14
1.64 14
1.65 14
1.66 14
1.67 14
1.68 14
1.69 13
1.70 13
1.71 13
1.72 13
1.73 13
1.74 13
1.75 13
1.76 13
1.77 13
1.78 13
1.79 13
1.80 13
1.81 13
1.82 13
1.83 13
1.84 12
1.85 12
1.86 12
1.87 12
1.88 12
1.89 12
1.90 12
1.91 12
1.92 12
1.93 12
1.94 12
1.95 12
1.96 12
1.97 12
1.98 12
1.99 12
2.00 12
2.01 11
2.02 11
2.03 11
2.04 11
2.05 11
2.06 11
2.07 11
2.08 11
2.09 11
2.10 11
2.11 11
2.12 11
2.13 11
2.14 11
2.15 11
2.16 11
2.17 11
2.18 11
2.19 11
2.20 11
2.21 10
2.22 10
2.23 10
2.24 10
2.25 10
2.26 10
2.27 10
2.28 10
2.29 10
2.30 10
2.31 10
2.32 10
2.33 10
2.34 10
2.35 10
2.36 10
2.37 10
2.38 10
2.39 10
2.40 10
2.41 10
2.42 10
2.43 10
2.44 10
2.45 10
2.46 9
2.47 9
2.48 9
2.49 9
2.50 9
2.51 9
2.52 9
2.53 9
2.54 9
2.55 9
2.56 9
2.57 9
2.58 9
2.59 9
2.60 9
2.61 9
2.62 9
2.63 9
2.64 9
2.65 9
2.66 9
2.67 9
2.68 9
2.69 9
2.70 9
2.71 9
2.72 9
2.73 9
2.74 9
2.75 9
2.76 9
2.77 8
2.78 8
2.79 8
2.80 8
2.81 8
2.82 8
2.83 8
2.84 8
2.85 8
2.86 8
2.87 8
2.88 8
2.89 8
2.90 8
2.91 8
2.92 8
2.93 8
2.94 8
2.95 8
2.96 8
2.97 8
2.98 8
2.99 8
3.00 8

----------------------------------------------------------------------------------------------------
N* from FAC approximation
----------------------------------------------------------------------------------------------------
1.00 23
3.00 23

----------------------------------------------------------------------------------------------------
N* from FAC Multihomogeneous Bézout
----------------------------------------------------------------------------------------------------
1.00 13
3.00 13

----------------------------------------------------------------------------------------------------
N* from FAC Classical Bézout
----------------------------------------------------------------------------------------------------
1.00 13
3.00 13

----------------------------------------------------------------------------------------------------
PCICO
----------------------------------------------------------------------------------------------------

----------------------------------------------------------------------------------------------------
N* from GB approximation: Approx
----------------------------------------------------------------------------------------------------
1.00 33
1.01 33
1.02 33
1.03 32
1.04 32
1.05 32
1.06 31
1.07 31
1.08 31
1.09 31
1.10 30
1.11 30
1.12 30
1.13 30
1.14 29
1.15 29
1.16 29
1.17 29
1.18 28
1.19 28
1.20 28
1.21 28
1.22 28
1.23 27
1.24 27
1.25 27
1.26 27
1.27 26
1.28 26
1.29 26
1.30 26
1.31 26
1.32 26
1.33 25
1.34 25
1.35 25
1.36 25
1.37 25
1.38 24
1.39 24
1.40 24
1.41 24
1.42 24
1.43 24
1.44 24
1.45 23
1.46 23
1.47 23
1.48 23
1.49 23
1.50 23
1.51 22
1.52 22
1.53 22
1.54 22
1.55 22
1.56 22
1.57 22
1.58 22
1.59 21
1.60 21
1.61 21
1.62 21
1.63 21
1.64 21
1.65 21
1.66 21
1.67 20
1.68 20
1.69 20
1.70 20
1.71 20
1.72 20
1.73 20
1.74 20
1.75 20
1.76 19
1.77 19
1.78 19
1.79 19
1.80 19
1.81 19
1.82 19
1.83 19
1.84 19
1.85 19
1.86 18
1.87 18
1.88 18
1.89 18
1.90 18
1.91 18
1.92 18
1.93 18
1.94 18
1.95 18
1.96 18
1.97 17
1.98 17
1.99 17
2.00 17
2.01 17
2.02 17
2.03 17
2.04 17
2.05 17
2.06 17
2.07 17
2.08 17
2.09 17
2.10 16
2.11 16
2.12 16
2.13 16
2.14 16
2.15 16
2.16 16
2.17 16
2.18 16
2.19 16
2.20 16
2.21 16
2.22 16
2.23 16
2.24 16
2.25 15
2.26 15
2.27 15
2.28 15
2.29 15
2.30 15
2.31 15
2.32 15
2.33 15
2.34 15
2.35 15
2.36 15
2.37 15
2.38 15
2.39 15
2.40 15
2.41 14
2.42 14
2.43 14
2.44 14
2.45 14
2.46 14
2.47 14
2.48 14
2.49 14
2.50 14
2.51 14
2.52 14
2.53 14
2.54 14
2.55 14
2.56 14
2.57 14
2.58 14
2.59 14
2.60 14
2.61 13
2.62 13
2.63 13
2.64 13
2.65 13
2.66 13
2.67 13
2.68 13
2.69 13
2.70 13
2.71 13
2.72 13
2.73 13
2.74 13
2.75 13
2.76 13
2.77 13
2.78 13
2.79 13
2.80 13
2.81 13
2.82 13
2.83 12
2.84 12
2.85 12
2.86 12
2.87 12
2.88 12
2.89 12
2.90 12
2.91 12
2.92 12
2.93 12
2.94 12
2.95 12
2.96 12
2.97 12
2.98 12
2.99 12
3.00 12

----------------------------------------------------------------------------------------------------
N* from GB Macaulay
----------------------------------------------------------------------------------------------------
1.00 21
1.01 21
1.02 21
1.03 21
1.04 21
1.05 21
1.06 20
1.07 20
1.08 20
1.09 20
1.10 20
1.11 20
1.12 20
1.13 19
1.14 19
1.15 19
1.16 19
1.17 19
1.18 19
1.19 19
1.20 19
1.21 18
1.22 18
1.23 18
1.24 18
1.25 18
1.26 18
1.27 18
1.28 18
1.29 18
1.30 17
1.31 17
1.32 17
1.33 17
1.34 17
1.35 17
1.36 17
1.37 17
1.38 17
1.39 17
1.40 17
1.41 16
1.42 16
1.43 16
1.44 16
1.45 16
1.46 16
1.47 16
1.48 16
1.49 16
1.50 16
1.51 16
1.52 16
1.53 15
1.54 15
1.55 15
1.56 15
1.57 15
1.58 15
1.59 15
1.60 15
1.61 15
1.62 15
1.63 15
1.64 15
1.65 15
1.66 15
1.67 14
1.68 14
1.69 14
1.70 14
1.71 14
1.72 14
1.73 14
1.74 14
1.75 14
1.76 14
1.77 14
1.78 14
1.79 14
1.80 14
1.81 14
1.82 14
1.83 14
1.84 13
1.85 13
1.86 13
1.87 13
1.88 13
1.89 13
1.90 13
1.91 13
1.92 13
1.93 13
1.94 13
1.95 13
1.96 13
1.97 13
1.98 13
1.99 13
2.00 13
2.01 13
2.02 13
2.03 13
2.04 12
2.05 12
2.06 12
2.07 12
2.08 12
2.09 12
2.10 12
2.11 12
2.12 12
2.13 12
2.14 12
2.15 12
2.16 12
2.17 12
2.18 12
2.19 12
2.20 12
2.21 12
2.22 12
2.23 12
2.24 12
2.25 12
2.26 12
2.27 12
2.28 11
2.29 11
2.30 11
2.31 11
2.32 11
2.33 11
2.34 11
2.35 11
2.36 11
2.37 11
2.38 11
2.39 11
2.40 11
2.41 11
2.42 11
2.43 11
2.44 11
2.45 11
2.46 11
2.47 11
2.48 11
2.49 11
2.50 11
2.51 11
2.52 11
2.53 11
2.54 11
2.55 11
2.56 11
2.57 11
2.58 10
2.59 10
2.60 10
2.61 10
2.62 10
2.63 10
2.64 10
2.65 10
2.66 10
2.67 10
2.68 10
2.69 10
2.70 10
2.71 10
2.72 10
2.73 10
2.74 10
2.75 10
2.76 10
2.77 10
2.78 10
2.79 10
2.80 10
2.81 10
2.82 10
2.83 10
2.84 10
2.85 10
2.86 10
2.87 10
2.88 10
2.89 10
2.90 10
2.91 10
2.92 10
2.93 10
2.94 10
2.95 10
2.96 9
2.97 9
2.98 9
2.99 9
3.00 9

----------------------------------------------------------------------------------------------------
N* from FGLM approximation
----------------------------------------------------------------------------------------------------
1.00 39
1.01 39
1.02 38
1.03 38
1.04 38
1.05 37
1.06 37
1.07 37
1.08 36
1.09 36
1.10 36
1.11 35
1.12 35
1.13 35
1.14 35
1.15 34
1.16 34
1.17 34
1.18 33
1.19 33
1.20 33
1.21 33
1.22 32
1.23 32
1.24 32
1.25 32
1.26 31
1.27 31
1.28 31
1.29 31
1.30 30
1.31 30
1.32 30
1.33 30
1.34 29
1.35 29
1.36 29
1.37 29
1.38 29
1.39 28
1.40 28
1.41 28
1.42 28
1.43 28
1.44 27
1.45 27
1.46 27
1.47 27
1.48 27
1.49 27
1.50 26
1.51 26
1.52 26
1.53 26
1.54 26
1.55 26
1.56 25
1.57 25
1.58 25
1.59 25
1.60 25
1.61 25
1.62 25
1.63 24
1.64 24
1.65 24
1.66 24
1.67 24
1.68 24
1.69 24
1.70 23
1.71 23
1.72 23
1.73 23
1.74 23
1.75 23
1.76 23
1.77 23
1.78 22
1.79 22
1.80 22
1.81 22
1.82 22
1.83 22
1.84 22
1.85 22
1.86 21
1.87 21
1.88 21
1.89 21
1.90 21
1.91 21
1.92 21
1.93 21
1.94 21
1.95 20
1.96 20
1.97 20
1.98 20
1.99 20
2.00 20
2.01 20
2.02 20
2.03 20
2.04 20
2.05 20
2.06 19
2.07 19
2.08 19
2.09 19
2.10 19
2.11 19
2.12 19
2.13 19
2.14 19
2.15 19
2.16 19
2.17 18
2.18 18
2.19 18
2.20 18
2.21 18
2.22 18
2.23 18
2.24 18
2.25 18
2.26 18
2.27 18
2.28 18
2.29 18
2.30 17
2.31 17
2.32 17
2.33 17
2.34 17
2.35 17
2.36 17
2.37 17
2.38 17
2.39 17
2.40 17
2.41 17
2.42 17
2.43 17
2.44 17
2.45 16
2.46 16
2.47 16
2.48 16
2.49 16
2.50 16
2.51 16
2.52 16
2.53 16
2.54 16
2.55 16
2.56 16
2.57 16
2.58 16
2.59 16
2.60 16
2.61 15
2.62 15
2.63 15
2.64 15
2.65 15
2.66 15
2.67 15
2.68 15
2.69 15
2.70 15
2.71 15
2.72 15
2.73 15
2.74 15
2.75 15
2.76 15
2.77 15
2.78 15
2.79 15
2.80 14
2.81 14
2.82 14
2.83 14
2.84 14
2.85 14
2.86 14
2.87 14
2.88 14
2.89 14
2.90 14
2.91 14
2.92 14
2.93 14
2.94 14
2.95 14
2.96 14
2.97 14
2.98 14
2.99 14
3.00 14

----------------------------------------------------------------------------------------------------
N* from FGLM Multihomogeneous Bézout
----------------------------------------------------------------------------------------------------
1.00 36
1.01 36
1.02 35
1.03 35
1.04 35
1.05 34
1.06 34
1.07 34
1.08 33
1.09 33
1.10 33
1.11 33
1.12 32
1.13 32
1.14 32
1.15 31
1.16 31
1.17 31
1.18 31
1.19 30
1.20 30
1.21 30
1.22 30
1.23 29
1.24 29
1.25 29
1.26 29
1.27 29
1.28 28
1.29 28
1.30 28
1.31 28
1.32 28
1.33 27
1.34 27
1.35 27
1.36 27
1.37 27
1.38 26
1.39 26
1.40 26
1.41 26
1.42 26
1.43 25
1.44 25
1.45 25
1.46 25
1.47 25
1.48 25
1.49 24
1.50 24
1.51 24
1.52 24
1.53 24
1.54 24
1.55 24
1.56 23
1.57 23
1.58 23
1.59 23
1.60 23
1.61 23
1.62 23
1.63 22
1.64 22
1.65 22
1.66 22
1.67 22
1.68 22
1.69 22
1.70 22
1.71 21
1.72 21
1.73 21
1.74 21
1.75 21
1.76 21
1.77 21
1.78 21
1.79 20
1.80 20
1.81 20
1.82 20
1.83 20
1.84 20
1.85 20
1.86 20
1.87 20
1.88 20
1.89 19
1.90 19
1.91 19
1.92 19
1.93 19
1.94 19
1.95 19
1.96 19
1.97 19
1.98 19
1.99 19
2.00 18
2.01 18
2.02 18
2.03 18
2.04 18
2.05 18
2.06 18
2.07 18
2.08 18
2.09 18
2.10 18
2.11 17
2.12 17
2.13 17
2.14 17
2.15 17
2.16 17
2.17 17
2.18 17
2.19 17
2.20 17
2.21 17
2.22 17
2.23 17
2.24 17
2.25 16
2.26 16
2.27 16
2.28 16
2.29 16
2.30 16
2.31 16
2.32 16
2.33 16
2.34 16
2.35 16
2.36 16
2.37 16
2.38 16
2.39 16
2.40 15
2.41 15
2.42 15
2.43 15
2.44 15
2.45 15
2.46 15
2.47 15
2.48 15
2.49 15
2.50 15
2.51 15
2.52 15
2.53 15
2.54 15
2.55 15
2.56 15
2.57 14
2.58 14
2.59 14
2.60 14
2.61 14
2.62 14
2.63 14
2.64 14
2.65 14
2.66 14
2.67 14
2.68 14
2.69 14
2.70 14
2.71 14
2.72 14
2.73 14
2.74 14
2.75 14
2.76 14
2.77 13
2.78 13
2.79 13
2.80 13
2.81 13
2.82 13
2.83 13
2.84 13
2.85 13
2.86 13
2.87 13
2.88 13
2.89 13
2.90 13
2.91 13
2.92 13
2.93 13
2.94 13
2.95 13
2.96 13
2.97 13
2.98 13
2.99 13
3.00 13

----------------------------------------------------------------------------------------------------
N* from FGLM Classical Bézout
----------------------------------------------------------------------------------------------------
1.00 27
1.01 27
1.02 26
1.03 26
1.04 26
1.05 26
1.06 26
1.07 25
1.08 25
1.09 25
1.10 25
1.11 25
1.12 24
1.13 24
1.14 24
1.15 24
1.16 24
1.17 24
1.18 23
1.19 23
1.20 23
1.21 23
1.22 23
1.23 23
1.24 23
1.25 22
1.26 22
1.27 22
1.28 22
1.29 22
1.30 22
1.31 22
1.32 21
1.33 21
1.34 21
1.35 21
1.36 21
1.37 21
1.38 21
1.39 21
1.40 20
1.41 20
1.42 20
1.43 20
1.44 20
1.45 20
1.46 20
1.47 20
1.48 20
1.49 20
1.50 19
1.51 19
1.52 19
1.53 19
1.54 19
1.55 19
1.56 19
1.57 19
1.58 19
1.59 19
1.60 18
1.61 18
1.62 18
1.63 18
1.64 18
1.65 18
1.66 18
1.67 18
1.68 18
1.69 18
1.70 18
1.71 18
1.72 17
1.73 17
1.74 17
1.75 17
1.76 17
1.77 17
1.78 17
1.79 17
1.80 17
1.81 17
1.82 17
1.83 17
1.84 17
1.85 16
1.86 16
1.87 16
1.88 16
1.89 16
1.90 16
1.91 16
1.92 16
1.93 16
1.94 16
1.95 16
1.96 16
1.97 16
1.98 16
1.99 16
2.00 15
2.01 15
2.02 15
2.03 15
2.04 15
2.05 15
2.06 15
2.07 15
2.08 15
2.09 15
2.10 15
2.11 15
2.12 15
2.13 15
2.14 15
2.15 15
2.16 15
2.17 15
2.18 14
2.19 14
2.20 14
2.21 14
2.22 14
2.23 14
2.24 14
2.25 14
2.26 14
2.27 14
2.28 14
2.29 14
2.30 14
2.31 14
2.32 14
2.33 14
2.34 14
2.35 14
2.36 14
2.37 14
2.38 14
2.39 13
2.40 13
2.41 13
2.42 13
2.43 13
2.44 13
2.45 13
2.46 13
2.47 13
2.48 13
2.49 13
2.50 13
2.51 13
2.52 13
2.53 13
2.54 13
2.55 13
2.56 13
2.57 13
2.58 13
2.59 13
2.60 13
2.61 13
2.62 13
2.63 12
2.64 12
2.65 12
2.66 12
2.67 12
2.68 12
2.69 12
2.70 12
2.71 12
2.72 12
2.73 12
2.74 12
2.75 12
2.76 12
2.77 12
2.78 12
2.79 12
2.80 12
2.81 12
2.82 12
2.83 12
2.84 12
2.85 12
2.86 12
2.87 12
2.88 12
2.89 12
2.90 12
2.91 12
2.92 11
2.93 11
2.94 11
2.95 11
2.96 11
2.97 11
2.98 11
2.99 11
3.00 11

----------------------------------------------------------------------------------------------------
N* from FAC approximation
----------------------------------------------------------------------------------------------------
1.00 23
3.00 23

----------------------------------------------------------------------------------------------------
N* from FAC Multihomogeneous Bézout
----------------------------------------------------------------------------------------------------
1.00 21
3.00 21

----------------------------------------------------------------------------------------------------
N* from FAC Classical Bézout
----------------------------------------------------------------------------------------------------
1.00 17
3.00 17

