----------------------------------------------------------------------------------------------------
Conjectured number of rounds (s=128)
----------------------------------------------------------------------------------------------------

----------------------------------------------------------------------------------------------------
FCICO
----------------------------------------------------------------------------------------------------

----------------------------------------------------------------------------------------------------
N* from GB approximation: Approx
----------------------------------------------------------------------------------------------------
1.00 27
1.01 27
1.02 26
1.03 26
1.04 26
1.05 26
1.06 25
1.07 25
1.08 25
1.09 25
1.10 24
1.11 24
1.12 24
1.13 24
1.14 24
1.15 23
1.16 23
1.17 23
1.18 23
1.19 23
1.20 23
1.21 22
1.22 22
1.23 22
1.24 22
1.25 22
1.26 22
1.27 21
1.28 21
1.29 21
1.30 21
1.31 21
1.32 21
1.33 20
1.34 20
1.35 20
1.36 20
1.37 20
1.38 20
1.39 20
1.40 20
1.41 19
1.42 19
1.43 19
1.44 19
1.45 19
1.46 19
1.47 19
1.48 19
1.49 18
1.50 18
1.51 18
1.52 18
1.53 18
1.54 18
1.55 18
1.56 18
1.57 18
1.58 17
1.59 17
1.60 17
1.61 17
1.62 17
1.63 17
1.64 17
1.65 17
1.66 17
1.67 17
1.68 16
1.69 16
1.70 16
1.71 16
1.72 16
1.73 16
1.74 16
1.75 16
1.76 16
1.77 16
1.78 16
1.79 16
1.80 15
1.81 15
1.82 15
1.83 15
1.84 15
1.85 15
1.86 15
1.87 15
1.88 15
1.89 15
1.90 15
1.91 15
1.92 15
1.93 14
1.94 14
1.95 14
1.96 14
1.97 14
1.98 14
1.99 14
2.00 14
2.01 14
2.02 14
2.03 14
2.04 14
2.05 14
2.06 14
2.07 14
2.08 14
2.09 13
2.10 13
2.11 13
2.12 13
2.13 13
2.14 13
2.15 13
2.16 13
2.17 13
2.18 13
2.19 13
2.20 13
2.21 13
2.22 13
2.23 13
2.24 13
2.25 13
2.26 13
2.27 12
2.28 12
2.29 12
2.30 12
2.31 12
2.32 12
2.33 12
2.34 12
2.35 12
2.36 12
2.37 12
2.38 12
2.39 12
2.40 12
2.41 12
2.42 12
2.43 12
2.44 12
2.45 12
2.46 12
2.47 12
2.48 12
2.49 11
2.50 11
2.51 11
2.52 11
2.53 11
2.54 11
2.55 11
2.56 11
2.57 11
2.58 11
2.59 11
2.60 11
2.61 11
2.62 11
2.63 11
2.64 11
2.65 11
2.66 11
2.67 11
2.68 11
2.69 11
2.70 11
2.71 11
2.72 11
2.73 11
2.74 11
2.75 10
2.76 10
2.77 10
2.78 10
2.79 10
2.80 10
2.81 10
2.82 10
2.83 10
2.84 10
2.85 10
2.86 10
2.87 10
2.88 10
2.89 10
2.90 10
2.91 10
2.92 10
2.93 10
2.94 10
2.95 10
2.96 10
2.97 10
2.98 10
2.99 10
3.00 10

----------------------------------------------------------------------------------------------------
N* from GB Macaulay
----------------------------------------------------------------------------------------------------
1.00 18
1.01 18
1.02 18
1.03 18
1.04 18
1.05 17
1.06 17
1.07 17
1.08 17
1.09 17
1.10 17
1.11 17
1.12 16
1.13 16
1.14 16
1.15 16
1.16 16
1.17 16
1.18 16
1.19 16
1.20 15
1.21 15
1.22 15
1.23 15
1.24 15
1.25 15
1.26 15
1.27 15
1.28 15
1.29 14
1.30 14
1.31 14
1.32 14
1.33 14
1.34 14
1.35 14
1.36 14
1.37 14
1.38 14
1.39 14
1.40 13
1.41 13
1.42 13
1.43 13
1.44 13
1.45 13
1.46 13
1.47 13
1.48 13
1.49 13
1.50 13
1.51 13
1.52 12
1.53 12
1.54 12
1.55 12
1.56 12
1.57 12
1.58 12
1.59 12
1.60 12
1.61 12
1.62 12
1.63 12
1.64 12
1.65 12
1.66 12
1.67 11
1.68 11
1.69 11
1.70 11
1.71 11
1.72 11
1.73 11
1.74 11
1.75 11
1.76 11
1.77 11
1.78 11
1.79 11
1.80 11
1.81 11
1.82 11
1.83 11
1.84 11
1.85 11
1.86 10
1.87 10
1.88 10
1.89 10
1.90 10
1.91 10
1.92 10
1.93 10
1.94 10
1.95 10
1.96 10
1.97 10
1.98 10
1.99 10
2.00 10
2.01 10
2.02 10
2.03 10
2.04 10
2.05 10
2.06 10
2.07 10
2.08 9
2.09 9
2.10 9
2.11 9
2.12 9
2.13 9
2.14 9
2.15 9
2.16 9
2.17 9
2.18 9
2.19 9
2.20 9
2.21 9
2.22 9
2.23 9
2.24 9
2.25 9
2.26 9
2.27 9
2.28 9
2.29 9
2.30 9
2.31 9
2.32 9
2.33 9
2.34 9
2.35 9
2.36 9
2.37 8
2.38 8
2.39 8
2.40 8
2.41 8
2.42 8
2.43 8
2.44 8
2.45 8
2.46 8
2.47 8
2.48 8
2.49 8
2.50 8
2.51 8
2.52 8
2.53 8
2.54 8
2.55 8
2.56 8
2.57 8
2.58 8
2.59 8
2.60 8
2.61 8
2.62 8
2.63 8
2.64 8
2.65 8
2.66 8
2.67 8
2.68 8
2.69 8
2.70 8
2.71 8
2.72 8
2.73 8
2.74 8
2.75 7
2.76 7
2.77 7
2.78 7
2.79 7
2.80 7
2.81 7
2.82 7
2.83 7
2.84 7
2.85 7
2.86 7
2.87 7
2.88 7
2.89 7
2.90 7
2.91 7
2.92 7
2.93 7
2.94 7
2.95 7
2.96 7
2.97 7
2.98 7
2.99 7
3.00 7

----------------------------------------------------------------------------------------------------
N* from FGLM approximation
----------------------------------------------------------------------------------------------------
1.00 44
1.01 43
1.02 43
1.03 43
1.04 42
1.05 42
1.06 41
1.07 41
1.08 41
1.09 40
1.10 40
1.11 40
1.12 39
1.13 39
1.14 39
1.15 38
1.16 38
1.17 38
1.18 37
1.19 37
1.20 37
1.21 36
1.22 36
1.23 36
1.24 36
1.25 35
1.26 35
1.27 35
1.28 34
1.29 34
1.30 34
1.31 34
1.32 33
1.33 33
1.34 33
1.35 33
1.36 32
1.37 32
1.38 32
1.39 32
1.40 32
1.41 31
1.42 31
1.43 31
1.44 31
1.45 30
1.46 30
1.47 30
1.48 30
1.49 30
1.50 30
1.51 29
1.52 29
1.53 29
1.54 29
1.55 29
1.56 28
1.57 28
1.58 28
1.59 28
1.60 28
1.61 28
1.62 27
1.63 27
1.64 27
1.65 27
1.66 27
1.67 27
1.68 26
1.69 26
1.70 26
1.71 26
1.72 26
1.73 26
1.74 26
1.75 25
1.76 25
1.77 25
1.78 25
1.79 25
1.80 25
1.81 25
1.82 24
1.83 24
1.84 24
1.85 24
1.86 24
1.87 24
1.88 24
1.89 24
1.90 23
1.91 23
1.92 23
1.93 23
1.94 23
1.95 23
1.96 23
1.97 23
1.98 23
1.99 22
2.00 22
2.01 22
2.02 22
2.03 22
2.04 22
2.05 22
2.06 22
2.07 22
2.08 21
2.09 21
2.10 21
2.11 21
2.12 21
2.13 21
2.14 21
2.15 21
2.16 21
2.17 21
2.18 21
2.19 20
2.20 20
2.21 20
2.22 20
2.23 20
2.24 20
2.25 20
2.26 20
2.27 20
2.28 20
2.29 20
2.30 20
2.31 19
2.32 19
2.33 19
2.34 19
2.35 19
2.36 19
2.37 19
2.38 19
2.39 19
2.40 19
2.41 19
2.42 19
2.43 19
2.44 18
2.45 18
2.46 18
2.47 18
2.48 18
2.49 18
2.50 18
2.51 18
2.52 18
2.53 18
2.54 18
2.55 18
2.56 18
2.57 18
2.58 17
2.59 17
2.60 17
2.61 17
2.62 17
2.63 17
2.64 17
2.65 17
2.66 17
2.67 17
2.68 17
2.69 17
2.70 17
2.71 17
2.72 17
2.73 17
2.74 16
2.75 16
2.76 16
2.77 16
2.78 16
2.79 16
2.80 16
2.81 16
2.82 16
2.83 16
2.84 16
2.85 16
2.86 16
2.87 16
2.88 16
2.89 16
2.90 16
2.91 16
2.92 16
2.93 15
2.94 15
2.95 15
2.96 15
2.97 15
2.98 15
2.99 15
3.00 15

----------------------------------------------------------------------------------------------------
N* from FGLM Multihomogeneous Bézout
----------------------------------------------------------------------------------------------------
1.00 27
1.01 27
1.02 26
1.03 26
1.04 26
1.05 26
1.06 25
1.07 25
1.08 25
1.09 25
1.10 24
1.11 24
1.12 24
1.13 24
1.14 24
1.15 23
1.16 23
1.17 23
1.18 23
1.19 23
1.20 22
1.21 22
1.22 22
1.23 22
1.24 22
1.25 22
1.26 21
1.27 21
1.28 21
1.29 21
1.30 21
1.31 21
1.32 21
1.33 20
1.34 20
1.35 20
1.36 20
1.37 20
1.38 20
1.39 20
1.40 19
1.41 19
1.42 19
1.43 19
1.44 19
1.45 19
1.46 19
1.47 18
1.48 18
1.49 18
1.50 18
1.51 18
1.52 18
1.53 18
1.54 18
1.55 18
1.56 17
1.57 17
1.58 17
1.59 17
1.60 17
1.61 17
1.62 17
1.63 17
1.64 17
1.65 17
1.66 16
1.67 16
1.68 16
1.69 16
1.70 16
1.71 16
1.72 16
1.73 16
1.74 16
1.75 16
1.76 16
1.77 15
1.78 15
1.79 15
1.80 15
1.81 15
1.82 15
1.83 15
1.84 15
1.85 15
1.86 15
1.87 15
1.88 15
1.89 15
1.90 14
1.91 14
1.92 14
1.93 14
1.94 14
1.95 14
1.96 14
1.97 14
1.98 14
1.99 14
2.00 14
2.01 14
2.02 14
2.03 14
2.04 14
2.05 13
2.06 13
2.07 13
2.08 13
2.09 13
2.10 13
2.11 13
2.12 13
2.13 13
2.14 13
2.15 13
2.16 13
2.17 13
2.18 13
2.19 13
2.20 13
2.21 13
2.22 12
2.23 12
2.24 12
2.25 12
2.26 12
2.27 12
2.28 12
2.29 12
2.30 12
2.31 12
2.32 12
2.33 12
2.34 12
2.35 12
2.36 12
2.37 12
2.38 12
2.39 12
2.40 12
2.41 12
2.42 11
2.43 11
2.44 11
2.45 11
2.46 11
2.47 11
2.48 11
2.49 11
2.50 11
2.51 11
2.52 11
2.53 11
2.54 11
2.55 11
2.56 11
2.57 11
2.58 11
2.59 11
2.60 11
2.61 11
2.62 11
2.63 11
2.64 11
2.65 11
2.66 11
2.67 10
2.68 10
2.69 10
2.70 10
2.71 10
2.72 10
2.73 10
2.74 10
2.75 10
2.76 10
2.77 10
2.78 10
2.79 10
2.80 10
2.81 10
2.82 10
2.83 10
2.84 10
2.85 10
2.86 10
2.87 10
2.88 10
2.89 10
2.90 10
2.91 10
2.92 10
2.93 10
2.94 10
2.95 10
2.96 10
2.97 9
2.98 9
2.99 9
3.00 9

----------------------------------------------------------------------------------------------------
N* from FGLM Classical Bézout
----------------------------------------------------------------------------------------------------
1.00 27
1.01 27
1.02 26
1.03 26
1.04 26
1.05 26
1.06 25
1.07 25
1.08 25
1.09 25
1.10 24
1.11 24
1.12 24
1.13 24
1.14 24
1.15 23
1.16 23
1.17 23
1.18 23
1.19 23
1.20 22
1.21 22
1.22 22
1.23 22
1.24 22
1.25 22
1.26 21
1.27 21
1.28 21
1.29 21
1.30 21
1.31 21
1.32 21
1.33 20
1.34 20
1.35 20
1.36 20
1.37 20
1.38 20
1.39 20
1.40 19
1.41 19
1.42 19
1.43 19
1.44 19
1.45 19
1.46 19
1.47 18
1.48 18
1.49 18
1.50 18
1.51 18
1.52 18
1.53 18
1.54 18
1.55 18
1.56 17
1.57 17
1.58 17
1.59 17
1.60 17
1.61 17
1.62 17
1.63 17
1.64 17
1.65 17
1.66 16
1.67 16
1.68 16
1.69 16
1.70 16
1.71 16
1.72 16
1.73 16
1.74 16
1.75 16
1.76 16
1.77 15
1.78 15
1.79 15
1.80 15
1.81 15
1.82 15
1.83 15
1.84 15
1.85 15
1.86 15
1.87 15
1.88 15
1.89 15
1.90 14
1.91 14
1.92 14
1.93 14
1.94 14
1.95 14
1.96 14
1.97 14
1.98 14
1.99 14
2.00 14
2.01 14
2.02 14
2.03 14
2.04 14
2.05 13
2.06 13
2.07 13
2.08 13
2.09 13
2.10 13
2.11 13
2.12 13
2.13 13
2.14 13
2.15 13
2.16 13
2.17 13
2.18 13
2.19 13
2.20 13
2.21 13
2.22 12
2.23 12
2.24 12
2.25 12
2.26 12
2.27 12
2.28 12
2.29 12
2.30 12
2.31 12
2.32 12
2.33 12
2.34 12
2.35 12
2.36 12
2.37 12
2.38 12
2.39 12
2.40 12
2.41 12
2.42 11
2.43 11
2.44 11
2.45 11
2.46 11
2.47 11
2.48 11
2.49 11
2.50 11
2.51 11
2.52 11
2.53 11
2.54 11
2.55 11
2.56 11
2.57 11
2.58 11
2.59 11
2.60 11
2.61 11
2.62 11
2.63 11
2.64 11
2.65 11
2.66 11
2.67 10
2.68 10
2.69 10
2.70 10
2.71 10
2.72 10
2.73 10
2.74 10
2.75 10
2.76 10
2.77 10
2.78 10
2.79 10
2.80 10
2.81 10
2.82 10
2.83 10
2.84 10
2.85 10
2.86 10
2.87 10
2.88 10
2.89 10
2.90 10
2.91 10
2.92 10
2.93 10
2.94 10
2.95 10
2.96 10
2.97 9
2.98 9
2.99 9
3.00 9

----------------------------------------------------------------------------------------------------
N* from FAC approximation
----------------------------------------------------------------------------------------------------
1.00 26
3.00 26

----------------------------------------------------------------------------------------------------
N* from FAC Multihomogeneous Bézout
----------------------------------------------------------------------------------------------------
1.00 16
3.00 16

----------------------------------------------------------------------------------------------------
N* from FAC Classical Bézout
----------------------------------------------------------------------------------------------------
1.00 16
3.00 16

----------------------------------------------------------------------------------------------------
PCICO
----------------------------------------------------------------------------------------------------

----------------------------------------------------------------------------------------------------
N* from GB approximation: Approx
----------------------------------------------------------------------------------------------------
1.00 36
1.01 36
1.02 35
1.03 35
1.04 35
1.05 34
1.06 34
1.07 34
1.08 34
1.09 33
1.10 33
1.11 33
1.12 32
1.13 32
1.14 32
1.15 32
1.16 31
1.17 31
1.18 31
1.19 31
1.20 30
1.21 30
1.22 30
1.23 30
1.24 29
1.25 29
1.26 29
1.27 29
1.28 29
1.29 28
1.30 28
1.31 28
1.32 28
1.33 27
1.34 27
1.35 27
1.36 27
1.37 27
1.38 27
1.39 26
1.40 26
1.41 26
1.42 26
1.43 26
1.44 25
1.45 25
1.46 25
1.47 25
1.48 25
1.49 25
1.50 25
1.51 24
1.52 24
1.53 24
1.54 24
1.55 24
1.56 24
1.57 23
1.58 23
1.59 23
1.60 23
1.61 23
1.62 23
1.63 23
1.64 23
1.65 22
1.66 22
1.67 22
1.68 22
1.69 22
1.70 22
1.71 22
1.72 22
1.73 21
1.74 21
1.75 21
1.76 21
1.77 21
1.78 21
1.79 21
1.80 21
1.81 21
1.82 20
1.83 20
1.84 20
1.85 20
1.86 20
1.87 20
1.88 20
1.89 20
1.90 20
1.91 20
1.92 19
1.93 19
1.94 19
1.95 19
1.96 19
1.97 19
1.98 19
1.99 19
2.00 19
2.01 19
2.02 19
2.03 18
2.04 18
2.05 18
2.06 18
2.07 18
2.08 18
2.09 18
2.10 18
2.11 18
2.12 18
2.13 18
2.14 18
2.15 17
2.16 17
2.17 17
2.18 17
2.19 17
2.20 17
2.21 17
2.22 17
2.23 17
2.24 17
2.25 17
2.26 17
2.27 17
2.28 17
2.29 16
2.30 16
2.31 16
2.32 16
2.33 16
2.34 16
2.35 16
2.36 16
2.37 16
2.38 16
2.39 16
2.40 16
2.41 16
2.42 16
2.43 16
2.44 16
2.45 15
2.46 15
2.47 15
2.48 15
2.49 15
2.50 15
2.51 15
2.52 15
2.53 15
2.54 15
2.55 15
2.56 15
2.57 15
2.58 15
2.59 15
2.60 15
2.61 15
2.62 15
2.63 14
2.64 14
2.65 14
2.66 14
2.67 14
2.68 14
2.69 14
2.70 14
2.71 14
2.72 14
2.73 14
2.74 14
2.75 14
2.76 14
2.77 14
2.78 14
2.79 14
2.80 14
2.81 14
2.82 14
2.83 14
2.84 14
2.85 13
2.86 13
2.87 13
2.88 13
2.89 13
2.90 13
2.91 13
2.92 13
2.93 13
2.94 13
2.95 13
2.96 13
2.97 13
2.98 13
2.99 13
3.00 13

----------------------------------------------------------------------------------------------------
N* from GB Macaulay
----------------------------------------------------------------------------------------------------
1.00 21
1.01 21
1.02 21
1.03 21
1.04 21
1.05 21
1.06 20
1.07 20
1.08 20
1.09 20
1.10 20
1.11 20
1.12 20
1.13 19
1.14 19
1.15 19
1.16 19
1.17 19
1.18 19
1.19 19
1.20 19
1.21 18
1.22 18
1.23 18
1.24 18
1.25 18
1.26 18
1.27 18
1.28 18
1.29 18
1.30 18
1.31 17
1.32 17
1.33 17
1.34 17
1.35 17
1.36 17
1.37 17
1.38 17
1.39 17
1.40 17
1.41 16
1.42 16
1.43 16
1.44 16
1.45 16
1.46 16
1.47 16
1.48 16
1.49 16
1.50 16
1.51 16
1.52 16
1.53 16
1.54 15
1.55 15
1.56 15
1.57 15
1.58 15
1.59 15
1.60 15
1.61 15
1.62 15
1.63 15
1.64 15
1.65 15
1.66 15
1.67 15
1.68 14
1.69 14
1.70 14
1.71 14
1.72 14
1.73 14
1.74 14
1.75 14
1.76 14
1.77 14
1.78 14
1.79 14
1.80 14
1.81 14
1.82 14
1.83 14
1.84 14
1.85 13
1.86 13
1.87 13
1.88 13
1.89 13
1.90 13
1.91 13
1.92 13
1.93 13
1.94 13
1.95 13
1.96 13
1.97 13
1.98 13
1.99 13
2.00 13
2.01 13
2.02 13
2.03 13
2.04 13
2.05 13
2.06 12
2.07 12
2.08 12
2.09 12
2.10 12
2.11 12
2.12 12
2.13 12
2.14 12
2.15 12
2.16 12
2.17 12
2.18 12
2.19 12
2.20 12
2.21 12
2.22 12
2.23 12
2.24 12
2.25 12
2.26 12
2.27 12
2.28 12
2.29 12
2.30 12
2.31 11
2.32 11
2.33 11
2.34 11
2.35 11
2.36 11
2.37 11
2.38 11
2.39 11
2.40 11
2.41 11
2.42 11
2.43 11
2.44 11
2.45 11
2.46 11
2.47 11
2.48 11
2.49 11
2.50 11
2.51 11
2.52 11
2.53 11
2.54 11
2.55 11
2.56 11
2.57 11
2.58 11
2.59 11
2.60 11
2.61 11
2.62 10
2.63 10
2.64 10
2.65 10
2.66 10
2.67 10
2.68 10
2.69 10
2.70 10
2.71 10
2.72 10
2.73 10
2.74 10
2.75 10
2.76 10
2.77 10
2.78 10
2.79 10
2.80 10
2.81 10
2.82 10
2.83 10
2.84 10
2.85 10
2.86 10
2.87 10
2.88 10
2.89 10
2.90 10
2.91 10
2.92 10
2.93 10
2.94 10
2.95 10
2.96 10
2.97 10
2.98 10
2.99 10
3.00 10

----------------------------------------------------------------------------------------------------
N* from FGLM approximation
----------------------------------------------------------------------------------------------------
1.00 44
1.01 44
1.02 43
1.03 43
1.04 42
1.05 42
1.06 42
1.07 41
1.08 41
1.09 41
1.10 40
1.11 40
1.12 40
1.13 39
1.14 39
1.15 39
1.16 38
1.17 38
1.18 38
1.19 37
1.20 37
1.21 37
1.22 36
1.23 36
1.24 36
1.25 36
1.26 35
1.27 35
1.28 35
1.29 34
1.30 34
1.31 34
1.32 34
1.33 33
1.34 33
1.35 33
1.36 33
1.37 32
1.38 32
1.39 32
1.40 32
1.41 32
1.42 31
1.43 31
1.44 31
1.45 31
1.46 31
1.47 30
1.48 30
1.49 30
1.50 30
1.51 30
1.52 29
1.53 29
1.54 29
1.55 29
1.56 29
1.57 28
1.58 28
1.59 28
1.60 28
1.61 28
1.62 28
1.63 27
1.64 27
1.65 27
1.66 27
1.67 27
1.68 27
1.69 26
1.70 26
1.71 26
1.72 26
1.73 26
1.74 26
1.75 26
1.76 25
1.77 25
1.78 25
1.79 25
1.80 25
1.81 25
1.82 25
1.83 25
1.84 24
1.85 24
1.86 24
1.87 24
1.88 24
1.89 24
1.90 24
1.91 24
1.92 23
1.93 23
1.94 23
1.95 23
1.96 23
1.97 23
1.98 23
1.99 23
2.00 22
2.01 22
2.02 22
2.03 22
2.04 22
2.05 22
2.06 22
2.07 22
2.08 22
2.09 22
2.10 21
2.11 21
2.12 21
2.13 21
2.14 21
2.15 21
2.16 21
2.17 21
2.18 21
2.19 21
2.20 21
2.21 20
2.22 20
2.23 20
2.24 20
2.25 20
2.26 20
2.27 20
2.28 20
2.29 20
2.30 20
2.31 20
2.32 19
2.33 19
2.34 19
2.35 19
2.36 19
2.37 19
2.38 19
2.39 19
2.40 19
2.41 19
2.42 19
2.43 19
2.44 19
2.45 18
2.46 18
2.47 18
2.48 18
2.49 18
2.50 18
2.51 18
2.52 18
2.53 18
2.54 18
2.55 18
2.56 18
2.57 18
2.58 18
2.59 18
2.60 17
2.61 17
2.62 17
2.63 17
2.64 17
2.65 17
2.66 17
2.67 17
2.68 17
2.69 17
2.70 17
2.71 17
2.72 17
2.73 17
2.74 17
2.75 17
2.76 16
2.77 16
2.78 16
2.79 16
2.80 16
2.81 16
2.82 16
2.83 16
2.84 16
2.85 16
2.86 16
2.87 16
2.88 16
2.89 16
2.90 16
2.91 16
2.92 16
2.93 16
2.94 16
2.95 15
2.96 15
2.97 15
2.98 15
2.99 15
3.00 15

----------------------------------------------------------------------------------------------------
N* from FGLM Multihomogeneous Bézout
----------------------------------------------------------------------------------------------------
1.00 39
1.01 39
1.02 39
1.03 38
1.04 38
1.05 37
1.06 37
1.07 37
1.08 36
1.09 36
1.10 36
1.11 35
1.12 35
1.13 35
1.14 35
1.15 34
1.16 34
1.17 34
1.18 33
1.19 33
1.20 33
1.21 33
1.22 32
1.23 32
1.24 32
1.25 32
1.26 31
1.27 31
1.28 31
1.29 31
1.30 30
1.31 30
1.32 30
1.33 30
1.34 30
1.35 29
1.36 29
1.37 29
1.38 29
1.39 29
1.40 28
1.41 28
1.42 28
1.43 28
1.44 28
1.45 27
1.46 27
1.47 27
1.48 27
1.49 27
1.50 27
1.51 26
1.52 26
1.53 26
1.54 26
1.55 26
1.56 26
1.57 25
1.58 25
1.59 25
1.60 25
1.61 25
1.62 25
1.63 24
1.64 24
1.65 24
1.66 24
1.67 24
1.68 24
1.69 24
1.70 23
1.71 23
1.72 23
1.73 23
1.74 23
1.75 23
1.76 23
1.77 23
1.78 22
1.79 22
1.80 22
1.81 22
1.82 22
1.83 22
1.84 22
1.85 22
1.86 22
1.87 21
1.88 21
1.89 21
1.90 21
1.91 21
1.92 21
1.93 21
1.94 21
1.95 21
1.96 20
1.97 20
1.98 20
1.99 20
2.00 20
2.01 20
2.02 20
2.03 20
2.04 20
2.05 20
2.06 20
2.07 19
2.08 19
2.09 19
2.10 19
2.11 19
2.12 19
2.13 19
2.14 19
2.15 19
2.16 19
2.17 19
2.18 18
2.19 18
2.20 18
2.21 18
2.22 18
2.23 18
2.24 18
2.25 18
2.26 18
2.27 18
2.28 18
2.29 18
2.30 18
2.31 17
2.32 17
2.33 17
2.34 17
2.35 17
2.36 17
2.37 17
2.38 17
2.39 17
2.40 17
2.41 17
2.42 17
2.43 17
2.44 17
2.45 17
2.46 16
2.47 16
2.48 16
2.49 16
2.50 16
2.51 16
2.52 16
2.53 16
2.54 16
2.55 16
2.56 16
2.57 16
2.58 16
2.59 16
2.60 16
2.61 16
2.62 16
2.63 15
2.64 15
2.65 15
2.66 15
2.67 15
2.68 15
2.69 15
2.70 15
2.71 15
2.72 15
2.73 15
2.74 15
2.75 15
2.76 15
2.77 15
2.78 15
2.79 15
2.80 15
2.81 15
2.82 14
2.83 14
2.84 14
2.85 14
2.86 14
2.87 14
2.88 14
2.89 14
2.90 14
2.91 14
2.92 14
2.93 14
2.94 14
2.95 14
2.96 14
2.97 14
2.98 14
2.99 14
3.00 14

----------------------------------------------------------------------------------------------------
N* from FGLM Classical Bézout
----------------------------------------------------------------------------------------------------
1.00 27
1.01 27
1.02 27
1.03 26
1.04 26
1.05 26
1.06 26
1.07 26
1.08 25
1.09 25
1.10 25
1.11 25
1.12 25
1.13 24
1.14 24
1.15 24
1.16 24
1.17 24
1.18 24
1.19 24
1.20 23
1.21 23
1.22 23
1.23 23
1.24 23
1.25 23
1.26 22
1.27 22
1.28 22
1.29 22
1.30 22
1.31 22
1.32 22
1.33 22
1.34 21
1.35 21
1.36 21
1.37 21
1.38 21
1.39 21
1.40 21
1.41 21
1.42 20
1.43 20
1.44 20
1.45 20
1.46 20
1.47 20
1.48 20
1.49 20
1.50 20
1.51 20
1.52 19
1.53 19
1.54 19
1.55 19
1.56 19
1.57 19
1.58 19
1.59 19
1.60 19
1.61 19
1.62 18
1.63 18
1.64 18
1.65 18
1.66 18
1.67 18
1.68 18
1.69 18
1.70 18
1.71 18
1.72 18
1.73 18
1.74 18
1.75 17
1.76 17
1.77 17
1.78 17
1.79 17
1.80 17
1.81 17
1.82 17
1.83 17
1.84 17
1.85 17
1.86 17
1.87 17
1.88 16
1.89 16
1.90 16
1.91 16
1.92 16
1.93 16
1.94 16
1.95 16
1.96 16
1.97 16
1.98 16
1.99 16
2.00 16
2.01 16
2.02 16
2.03 16
2.04 15
2.05 15
2.06 15
2.07 15
2.08 15
2.09 15
2.10 15
2.11 15
2.12 15
2.13 15
2.14 15
2.15 15
2.16 15
2.17 15
2.18 15
2.19 15
2.20 15
2.21 15
2.22 15
2.23 14
2.24 14
2.25 14
2.26 14
2.27 14
2.28 14
2.29 14
2.30 14
2.31 14
2.32 14
2.33 14
2.34 14
2.35 14
2.36 14
2.37 14
2.38 14
2.39 14
2.40 14
2.41 14
2.42 14
2.43 14
2.44 13
2.45 13
2.46 13
2.47 13
2.48 13
2.49 13
2.50 13
2.51 13
2.52 13
2.53 13
2.54 13
2.55 13
2.56 13
2.57 13
2.58 13
2.59 13
2.60 13
2.61 13
2.62 13
2.63 13
2.64 13
2.65 13
2.66 13
2.67 13
2.68 13
2.69 13
2.70 12
2.71 12
2.72 12
2.73 12
2.74 12
2.75 12
2.76 12
2.77 12
2.78 12
2.79 12
2.80 12
2.81 12
2.82 12
2.83 12
2.84 12
2.85 12
2.86 12
2.87 12
2.88 12
2.89 12
2.90 12
2.91 12
2.92 12
2.93 12
2.94 12
2.95 12
2.96 12
2.97 12
2.98 12
2.99 12
3.00 11

----------------------------------------------------------------------------------------------------
N* from FAC approximation
----------------------------------------------------------------------------------------------------
1.00 26
3.00 26

----------------------------------------------------------------------------------------------------
N* from FAC Multihomogeneous Bézout
----------------------------------------------------------------------------------------------------
1.00 23
3.00 23

----------------------------------------------------------------------------------------------------
N* from FAC Classical Bézout
----------------------------------------------------------------------------------------------------
1.00 17
3.00 17

