----------------------------------------------------------------------------------------------------
Conjectured number of rounds (s=256)
----------------------------------------------------------------------------------------------------

----------------------------------------------------------------------------------------------------
FCICO
----------------------------------------------------------------------------------------------------

----------------------------------------------------------------------------------------------------
N* from GB approximation: Approx
----------------------------------------------------------------------------------------------------
1.00 64
1.01 63
1.02 63
1.03 62
1.04 62
1.05 61
1.06 61
1.07 60
1.08 59
1.09 59
1.10 58
1.11 58
1.12 57
1.13 57
1.14 56
1.15 56
1.16 55
1.17 55
1.18 55
1.19 54
1.20 54
1.21 53
1.22 53
1.23 52
1.24 52
1.25 52
1.26 51
1.27 51
1.28 50
1.29 50
1.30 50
1.31 49
1.32 49
1.33 49
1.34 48
1.35 48
1.36 48
1.37 47
1.38 47
1.39 47
1.40 46
1.41 46
1.42 46
1.43 45
1.44 45
1.45 45
1.46 44
1.47 44
1.48 44
1.49 44
1.50 43
1.51 43
1.52 43
1.53 42
1.54 42
1.55 42
1.56 42
1.57 41
1.58 41
1.59 41
1.60 41
1.61 40
1.62 40
1.63 40
1.64 40
1.65 39
1.66 39
1.67 39
1.68 39
1.69 39
1.70 38
1.71 38
1.72 38
1.73 38
1.74 37
1.75 37
1.76 37
1.77 37
1.78 37
1.79 36
1.80 36
1.81 36
1.82 36
1.83 36
1.84 36
1.85 35
1.86 35
1.87 35
1.88 35
1.89 35
1.90 34
1.91 34
1.92 34
1.93 34
1.94 34
1.95 34
1.96 33
1.97 33
1.98 33
1.99 33
2.00 33
2.01 33
2.02 32
2.03 32
2.04 32
2.05 32
2.06 32
2.07 32
2.08 32
2.09 31
2.10 31
2.11 31
2.12 31
2.13 31
2.14 31
2.15 31
2.16 30
2.17 30
2.18 30
2.19 30
2.20 30
2.21 30
2.22 30
2.23 30
2.24 29
2.25 29
2.26 29
2.27 29
2.28 29
2.29 29
2.30 29
2.31 29
2.32 28
2.33 28
2.34 28
2.35 28
2.36 28
2.37 28
2.38 28
2.39 28
2.40 28
2.41 27
2.42 27
2.43 27
2.44 27
2.45 27
2.46 27
2.47 27
2.48 27
2.49 27
2.50 26
2.51 26
2.52 26
2.53 26
2.54 26
2.55 26
2.56 26
2.57 26
2.58 26
2.59 26
2.60 26
2.61 25
2.62 25
2.63 25
2.64 25
2.65 25
2.66 25
2.67 25
2.68 25
2.69 25
2.70 25
2.71 25
2.72 24
2.73 24
2.74 24
2.75 24
2.76 24
2.77 24
2.78 24
2.79 24
2.80 24
2.81 24
2.82 24
2.83 24
2.84 23
2.85 23
2.86 23
2.87 23
2.88 23
2.89 23
2.90 23
2.91 23
2.92 23
2.93 23
2.94 23
2.95 23
2.96 23
2.97 22
2.98 22
2.99 22
3.00 22

----------------------------------------------------------------------------------------------------
N* from GB Macaulay
----------------------------------------------------------------------------------------------------
1.00 47
1.01 46
1.02 46
1.03 45
1.04 45
1.05 45
1.06 44
1.07 44
1.08 43
1.09 43
1.10 43
1.11 42
1.12 42
1.13 42
1.14 41
1.15 41
1.16 41
1.17 40
1.18 40
1.19 40
1.20 39
1.21 39
1.22 39
1.23 38
1.24 38
1.25 38
1.26 37
1.27 37
1.28 37
1.29 37
1.30 36
1.31 36
1.32 36
1.33 36
1.34 35
1.35 35
1.36 35
1.37 35
1.38 34
1.39 34
1.40 34
1.41 34
1.42 33
1.43 33
1.44 33
1.45 33
1.46 33
1.47 32
1.48 32
1.49 32
1.50 32
1.51 32
1.52 31
1.53 31
1.54 31
1.55 31
1.56 31
1.57 30
1.58 30
1.59 30
1.60 30
1.61 30
1.62 30
1.63 29
1.64 29
1.65 29
1.66 29
1.67 29
1.68 29
1.69 28
1.70 28
1.71 28
1.72 28
1.73 28
1.74 28
1.75 27
1.76 27
1.77 27
1.78 27
1.79 27
1.80 27
1.81 27
1.82 26
1.83 26
1.84 26
1.85 26
1.86 26
1.87 26
1.88 26
1.89 26
1.90 25
1.91 25
1.92 25
1.93 25
1.94 25
1.95 25
1.96 25
1.97 25
1.98 24
1.99 24
2.00 24
2.01 24
2.02 24
2.03 24
2.04 24
2.05 24
2.06 24
2.07 23
2.08 23
2.09 23
2.10 23
2.11 23
2.12 23
2.13 23
2.14 23
2.15 23
2.16 22
2.17 22
2.18 22
2.19 22
2.20 22
2.21 22
2.22 22
2.23 22
2.24 22
2.25 22
2.26 22
2.27 21
2.28 21
2.29 21
2.30 21
2.31 21
2.32 21
2.33 21
2.34 21
2.35 21
2.36 21
2.37 21
2.38 21
2.39 20
2.40 20
2.41 20
2.42 20
2.43 20
2.44 20
2.45 20
2.46 20
2.47 20
2.48 20
2.49 20
2.50 20
2.51 20
2.52 19
2.53 19
2.54 19
2.55 19
2.56 19
2.57 19
2.58 19
2.59 19
2.60 19
2.61 19
2.62 19
2.63 19
2.64 19
2.65 19
2.66 19
2.67 18
2.68 18
2.69 18
2.70 18
2.71 18
2.72 18
2.73 18
2.74 18
2.75 18
2.76 18
2.77 18
2.78 18
2.79 18
2.80 18
2.81 18
2.82 18
2.83 18
2.84 17
2.85 17
2.86 17
2.87 17
2.88 17
2.89 17
2.90 17
2.91 17
2.92 17
2.93 17
2.94 17
2.95 17
2.96 17
2.97 17
2.98 17
2.99 17
3.00 17

----------------------------------------------------------------------------------------------------
N* from FGLM approximation
----------------------------------------------------------------------------------------------------
1.00 107
1.01 106
1.02 105
1.03 104
1.04 103
1.05 102
1.06 101
1.07 100
1.08 100
1.09 99
1.10 98
1.11 97
1.12 96
1.13 95
1.14 94
1.15 94
1.16 93
1.17 92
1.18 91
1.19 90
1.20 90
1.21 89
1.22 88
1.23 88
1.24 87
1.25 86
1.26 85
1.27 85
1.28 84
1.29 84
1.30 83
1.31 82
1.32 82
1.33 81
1.34 80
1.35 80
1.36 79
1.37 79
1.38 78
1.39 78
1.40 77
1.41 76
1.42 76
1.43 75
1.44 75
1.45 74
1.46 74
1.47 73
1.48 73
1.49 72
1.50 72
1.51 71
1.52 71
1.53 71
1.54 70
1.55 70
1.56 69
1.57 69
1.58 68
1.59 68
1.60 68
1.61 67
1.62 67
1.63 66
1.64 66
1.65 65
1.66 65
1.67 65
1.68 64
1.69 64
1.70 64
1.71 63
1.72 63
1.73 62
1.74 62
1.75 62
1.76 61
1.77 61
1.78 61
1.79 60
1.80 60
1.81 60
1.82 59
1.83 59
1.84 59
1.85 58
1.86 58
1.87 58
1.88 58
1.89 57
1.90 57
1.91 57
1.92 56
1.93 56
1.94 56
1.95 56
1.96 55
1.97 55
1.98 55
1.99 54
2.00 54
2.01 54
2.02 54
2.03 53
2.04 53
2.05 53
2.06 53
2.07 52
2.08 52
2.09 52
2.10 52
2.11 51
2.12 51
2.13 51
2.14 51
2.15 50
2.16 50
2.17 50
2.18 50
2.19 50
2.20 49
2.21 49
2.22 49
2.23 49
2.24 48
2.25 48
2.26 48
2.27 48
2.28 48
2.29 47
2.30 47
2.31 47
2.32 47
2.33 47
2.34 46
2.35 46
2.36 46
2.37 46
2.38 46
2.39 45
2.40 45
2.41 45
2.42 45
2.43 45
2.44 45
2.45 44
2.46 44
2.47 44
2.48 44
2.49 44
2.50 43
2.51 43
2.52 43
2.53 43
2.54 43
2.55 43
2.56 42
2.57 42
2.58 42
2.59 42
2.60 42
2.61 42
2.62 42
2.63 41
2.64 41
2.65 41
2.66 41
2.67 41
2.68 41
2.69 40
2.70 40
2.71 40
2.72 40
2.73 40
2.74 40
2.75 40
2.76 39
2.77 39
2.78 39
2.79 39
2.80 39
2.81 39
2.82 39
2.83 39
2.84 38
2.85 38
2.86 38
2.87 38
2.88 38
2.89 38
2.90 38
2.91 37
2.92 37
2.93 37
2.94 37
2.95 37
2.96 37
2.97 37
2.98 37
2.99 36
3.00 36

----------------------------------------------------------------------------------------------------
N* from FGLM Multihomogeneous Bézout
----------------------------------------------------------------------------------------------------
1.00 79
1.01 78
1.02 77
1.03 77
1.04 76
1.05 75
1.06 75
1.07 74
1.08 73
1.09 73
1.10 72
1.11 71
1.12 71
1.13 70
1.14 69
1.15 69
1.16 68
1.17 68
1.18 67
1.19 66
1.20 66
1.21 65
1.22 65
1.23 64
1.24 64
1.25 63
1.26 63
1.27 62
1.28 62
1.29 61
1.30 61
1.31 60
1.32 60
1.33 60
1.34 59
1.35 59
1.36 58
1.37 58
1.38 57
1.39 57
1.40 57
1.41 56
1.42 56
1.43 55
1.44 55
1.45 55
1.46 54
1.47 54
1.48 54
1.49 53
1.50 53
1.51 53
1.52 52
1.53 52
1.54 52
1.55 51
1.56 51
1.57 51
1.58 50
1.59 50
1.60 50
1.61 49
1.62 49
1.63 49
1.64 48
1.65 48
1.66 48
1.67 48
1.68 47
1.69 47
1.70 47
1.71 47
1.72 46
1.73 46
1.74 46
1.75 45
1.76 45
1.77 45
1.78 45
1.79 44
1.80 44
1.81 44
1.82 44
1.83 44
1.84 43
1.85 43
1.86 43
1.87 43
1.88 42
1.89 42
1.90 42
1.91 42
1.92 42
1.93 41
1.94 41
1.95 41
1.96 41
1.97 40
1.98 40
1.99 40
2.00 40
2.01 40
2.02 39
2.03 39
2.04 39
2.05 39
2.06 39
2.07 39
2.08 38
2.09 38
2.10 38
2.11 38
2.12 38
2.13 37
2.14 37
2.15 37
2.16 37
2.17 37
2.18 37
2.19 36
2.20 36
2.21 36
2.22 36
2.23 36
2.24 36
2.25 36
2.26 35
2.27 35
2.28 35
2.29 35
2.30 35
2.31 35
2.32 34
2.33 34
2.34 34
2.35 34
2.36 34
2.37 34
2.38 34
2.39 33
2.40 33
2.41 33
2.42 33
2.43 33
2.44 33
2.45 33
2.46 33
2.47 32
2.48 32
2.49 32
2.50 32
2.51 32
2.52 32
2.53 32
2.54 32
2.55 31
2.56 31
2.57 31
2.58 31
2.59 31
2.60 31
2.61 31
2.62 31
2.63 30
2.64 30
2.65 30
2.66 30
2.67 30
2.68 30
2.69 30
2.70 30
2.71 30
2.72 30
2.73 29
2.74 29
2.75 29
2.76 29
2.77 29
2.78 29
2.79 29
2.80 29
2.81 29
2.82 28
2.83 28
2.84 28
2.85 28
2.86 28
2.87 28
2.88 28
2.89 28
2.90 28
2.91 28
2.92 28
2.93 27
2.94 27
2.95 27
2.96 27
2.97 27
2.98 27
2.99 27
3.00 27

----------------------------------------------------------------------------------------------------
N* from FGLM Classical Bézout
----------------------------------------------------------------------------------------------------
1.00 79
1.01 78
1.02 77
1.03 77
1.04 76
1.05 75
1.06 75
1.07 74
1.08 73
1.09 73
1.10 72
1.11 71
1.12 71
1.13 70
1.14 69
1.15 69
1.16 68
1.17 68
1.18 67
1.19 66
1.20 66
1.21 65
1.22 65
1.23 64
1.24 64
1.25 63
1.26 63
1.27 62
1.28 62
1.29 61
1.30 61
1.31 60
1.32 60
1.33 60
1.34 59
1.35 59
1.36 58
1.37 58
1.38 57
1.39 57
1.40 57
1.41 56
1.42 56
1.43 55
1.44 55
1.45 55
1.46 54
1.47 54
1.48 54
1.49 53
1.50 53
1.51 53
1.52 52
1.53 52
1.54 52
1.55 51
1.56 51
1.57 51
1.58 50
1.59 50
1.60 50
1.61 49
1.62 49
1.63 49
1.64 48
1.65 48
1.66 48
1.67 48
1.68 47
1.69 47
1.70 47
1.71 47
1.72 46
1.73 46
1.74 46
1.75 45
1.76 45
1.77 45
1.78 45
1.79 44
1.80 44
1.81 44
1.82 44
1.83 44
1.84 43
1.85 43
1.86 43
1.87 43
1.88 42
1.89 42
1.90 42
1.91 42
1.92 42
1.93 41
1.94 41
1.95 41
1.96 41
1.97 40
1.98 40
1.99 40
2.00 40
2.01 40
2.02 39
2.03 39
2.04 39
2.05 39
2.06 39
2.07 39
2.08 38
2.09 38
2.10 38
2.11 38
2.12 38
2.13 37
2.14 37
2.15 37
2.16 37
2.17 37
2.18 37
2.19 36
2.20 36
2.21 36
2.22 36
2.23 36
2.24 36
2.25 36
2.26 35
2.27 35
2.28 35
2.29 35
2.30 35
2.31 35
2.32 34
2.33 34
2.34 34
2.35 34
2.36 34
2.37 34
2.38 34
2.39 33
2.40 33
2.41 33
2.42 33
2.43 33
2.44 33
2.45 33
2.46 33
2.47 32
2.48 32
2.49 32
2.50 32
2.51 32
2.52 32
2.53 32
2.54 32
2.55 31
2.56 31
2.57 31
2.58 31
2.59 31
2.60 31
2.61 31
2.62 31
2.63 30
2.64 30
2.65 30
2.66 30
2.67 30
2.68 30
2.69 30
2.70 30
2.71 30
2.72 30
2.73 29
2.74 29
2.75 29
2.76 29
2.77 29
2.78 29
2.79 29
2.80 29
2.81 29
2.82 28
2.83 28
2.84 28
2.85 28
2.86 28
2.87 28
2.88 28
2.89 28
2.90 28
2.91 28
2.92 28
2.93 27
2.94 27
2.95 27
2.96 27
2.97 27
2.98 27
2.99 27
3.00 27

----------------------------------------------------------------------------------------------------
N* from FAC approximation
----------------------------------------------------------------------------------------------------
1.00 61
3.00 61

----------------------------------------------------------------------------------------------------
N* from FAC Multihomogeneous Bézout
----------------------------------------------------------------------------------------------------
1.00 45
3.00 45

----------------------------------------------------------------------------------------------------
N* from FAC Classical Bézout
----------------------------------------------------------------------------------------------------
1.00 45
3.00 45

----------------------------------------------------------------------------------------------------
PCICO
----------------------------------------------------------------------------------------------------

----------------------------------------------------------------------------------------------------
N* from GB approximation: Approx
----------------------------------------------------------------------------------------------------
1.00 80
1.01 79
1.02 78
1.03 78
1.04 77
1.05 76
1.06 75
1.07 75
1.08 74
1.09 73
1.10 73
1.11 72
1.12 72
1.13 71
1.14 70
1.15 70
1.16 69
1.17 69
1.18 68
1.19 67
1.20 67
1.21 66
1.22 66
1.23 65
1.24 65
1.25 64
1.26 64
1.27 63
1.28 63
1.29 62
1.30 62
1.31 61
1.32 61
1.33 61
1.34 60
1.35 60
1.36 59
1.37 59
1.38 58
1.39 58
1.40 58
1.41 57
1.42 57
1.43 56
1.44 56
1.45 56
1.46 55
1.47 55
1.48 55
1.49 54
1.50 54
1.51 54
1.52 53
1.53 53
1.54 52
1.55 52
1.56 52
1.57 52
1.58 51
1.59 51
1.60 51
1.61 50
1.62 50
1.63 50
1.64 49
1.65 49
1.66 49
1.67 49
1.68 48
1.69 48
1.70 48
1.71 47
1.72 47
1.73 47
1.74 47
1.75 46
1.76 46
1.77 46
1.78 46
1.79 45
1.80 45
1.81 45
1.82 45
1.83 44
1.84 44
1.85 44
1.86 44
1.87 44
1.88 43
1.89 43
1.90 43
1.91 43
1.92 42
1.93 42
1.94 42
1.95 42
1.96 42
1.97 41
1.98 41
1.99 41
2.00 41
2.01 41
2.02 40
2.03 40
2.04 40
2.05 40
2.06 40
2.07 39
2.08 39
2.09 39
2.10 39
2.11 39
2.12 39
2.13 38
2.14 38
2.15 38
2.16 38
2.17 38
2.18 38
2.19 37
2.20 37
2.21 37
2.22 37
2.23 37
2.24 37
2.25 36
2.26 36
2.27 36
2.28 36
2.29 36
2.30 36
2.31 36
2.32 35
2.33 35
2.34 35
2.35 35
2.36 35
2.37 35
2.38 35
2.39 34
2.40 34
2.41 34
2.42 34
2.43 34
2.44 34
2.45 34
2.46 33
2.47 33
2.48 33
2.49 33
2.50 33
2.51 33
2.52 33
2.53 33
2.54 32
2.55 32
2.56 32
2.57 32
2.58 32
2.59 32
2.60 32
2.61 32
2.62 31
2.63 31
2.64 31
2.65 31
2.66 31
2.67 31
2.68 31
2.69 31
2.70 31
2.71 30
2.72 30
2.73 30
2.74 30
2.75 30
2.76 30
2.77 30
2.78 30
2.79 30
2.80 30
2.81 29
2.82 29
2.83 29
2.84 29
2.85 29
2.86 29
2.87 29
2.88 29
2.89 29
2.90 29
2.91 28
2.92 28
2.93 28
2.94 28
2.95 28
2.96 28
2.97 28
2.98 28
2.99 28
3.00 28

----------------------------------------------------------------------------------------------------
N* from GB Macaulay
----------------------------------------------------------------------------------------------------
1.00 38
1.01 37
1.02 37
1.03 37
1.04 37
1.05 36
1.06 36
1.07 36
1.08 36
1.09 35
1.10 35
1.11 35
1.12 35
1.13 34
1.14 34
1.15 34
1.16 34
1.17 33
1.18 33
1.19 33
1.20 33
1.21 32
1.22 32
1.23 32
1.24 32
1.25 32
1.26 31
1.27 31
1.28 31
1.29 31
1.30 31
1.31 31
1.32 30
1.33 30
1.34 30
1.35 30
1.36 30
1.37 29
1.38 29
1.39 29
1.40 29
1.41 29
1.42 29
1.43 28
1.44 28
1.45 28
1.46 28
1.47 28
1.48 28
1.49 28
1.50 27
1.51 27
1.52 27
1.53 27
1.54 27
1.55 27
1.56 27
1.57 26
1.58 26
1.59 26
1.60 26
1.61 26
1.62 26
1.63 26
1.64 26
1.65 25
1.66 25
1.67 25
1.68 25
1.69 25
1.70 25
1.71 25
1.72 25
1.73 25
1.74 24
1.75 24
1.76 24
1.77 24
1.78 24
1.79 24
1.80 24
1.81 24
1.82 24
1.83 24
1.84 23
1.85 23
1.86 23
1.87 23
1.88 23
1.89 23
1.90 23
1.91 23
1.92 23
1.93 23
1.94 22
1.95 22
1.96 22
1.97 22
1.98 22
1.99 22
2.00 22
2.01 22
2.02 22
2.03 22
2.04 22
2.05 22
2.06 21
2.07 21
2.08 21
2.09 21
2.10 21
2.11 21
2.12 21
2.13 21
2.14 21
2.15 21
2.16 21
2.17 21
2.18 21
2.19 20
2.20 20
2.21 20
2.22 20
2.23 20
2.24 20
2.25 20
2.26 20
2.27 20
2.28 20
2.29 20
2.30 20
2.31 20
2.32 20
2.33 20
2.34 19
2.35 19
2.36 19
2.37 19
2.38 19
2.39 19
2.40 19
2.41 19
2.42 19
2.43 19
2.44 19
2.45 19
2.46 19
2.47 19
2.48 19
2.49 19
2.50 19
2.51 18
2.52 18
2.53 18
2.54 18
2.55 18
2.56 18
2.57 18
2.58 18
2.59 18
2.60 18
2.61 18
2.62 18
2.63 18
2.64 18
2.65 18
2.66 18
2.67 18
2.68 18
2.69 18
2.70 17
2.71 17
2.72 17
2.73 17
2.74 17
2.75 17
2.76 17
2.77 17
2.78 17
2.79 17
2.80 17
2.81 17
2.82 17
2.83 17
2.84 17
2.85 17
2.86 17
2.87 17
2.88 17
2.89 17
2.90 17
2.91 17
2.92 16
2.93 16
2.94 16
2.95 16
2.96 16
2.97 16
2.98 16
2.99 16
3.00 16

----------------------------------------------------------------------------------------------------
N* from FGLM approximation
----------------------------------------------------------------------------------------------------
1.00 108
1.01 107
1.02 106
1.03 105
1.04 104
1.05 103
1.06 102
1.07 101
1.08 100
1.09 99
1.10 98
1.11 97
1.12 96
1.13 96
1.14 95
1.15 94
1.16 93
1.17 92
1.18 92
1.19 91
1.20 90
1.21 89
1.22 89
1.23 88
1.24 87
1.25 86
1.26 86
1.27 85
1.28 84
1.29 84
1.30 83
1.31 83
1.32 82
1.33 81
1.34 81
1.35 80
1.36 80
1.37 79
1.38 78
1.39 78
1.40 77
1.41 77
1.42 76
1.43 76
1.44 75
1.45 75
1.46 74
1.47 74
1.48 73
1.49 73
1.50 72
1.51 72
1.52 71
1.53 71
1.54 70
1.55 70
1.56 69
1.57 69
1.58 69
1.59 68
1.60 68
1.61 67
1.62 67
1.63 67
1.64 66
1.65 66
1.66 65
1.67 65
1.68 65
1.69 64
1.70 64
1.71 63
1.72 63
1.73 63
1.74 62
1.75 62
1.76 62
1.77 61
1.78 61
1.79 61
1.80 60
1.81 60
1.82 60
1.83 59
1.84 59
1.85 59
1.86 58
1.87 58
1.88 58
1.89 58
1.90 57
1.91 57
1.92 57
1.93 56
1.94 56
1.95 56
1.96 55
1.97 55
1.98 55
1.99 55
2.00 54
2.01 54
2.02 54
2.03 54
2.04 53
2.05 53
2.06 53
2.07 53
2.08 52
2.09 52
2.10 52
2.11 52
2.12 51
2.13 51
2.14 51
2.15 51
2.16 50
2.17 50
2.18 50
2.19 50
2.20 50
2.21 49
2.22 49
2.23 49
2.24 49
2.25 48
2.26 48
2.27 48
2.28 48
2.29 48
2.30 47
2.31 47
2.32 47
2.33 47
2.34 47
2.35 46
2.36 46
2.37 46
2.38 46
2.39 46
2.40 45
2.41 45
2.42 45
2.43 45
2.44 45
2.45 45
2.46 44
2.47 44
2.48 44
2.49 44
2.50 44
2.51 43
2.52 43
2.53 43
2.54 43
2.55 43
2.56 43
2.57 42
2.58 42
2.59 42
2.60 42
2.61 42
2.62 42
2.63 42
2.64 41
2.65 41
2.66 41
2.67 41
2.68 41
2.69 41
2.70 40
2.71 40
2.72 40
2.73 40
2.74 40
2.75 40
2.76 40
2.77 39
2.78 39
2.79 39
2.80 39
2.81 39
2.82 39
2.83 39
2.84 39
2.85 38
2.86 38
2.87 38
2.88 38
2.89 38
2.90 38
2.91 38
2.92 37
2.93 37
2.94 37
2.95 37
2.96 37
2.97 37
2.98 37
2.99 37
3.00 37

----------------------------------------------------------------------------------------------------
N* from FGLM Multihomogeneous Bézout
----------------------------------------------------------------------------------------------------
1.00 90
1.01 89
1.02 88
1.03 87
1.04 86
1.05 85
1.06 85
1.07 84
1.08 83
1.09 82
1.10 81
1.11 81
1.12 80
1.13 79
1.14 79
1.15 78
1.16 77
1.17 77
1.18 76
1.19 75
1.20 75
1.21 74
1.22 74
1.23 73
1.24 72
1.25 72
1.26 71
1.27 71
1.28 70
1.29 70
1.30 69
1.31 69
1.32 68
1.33 68
1.34 67
1.35 67
1.36 66
1.37 66
1.38 65
1.39 65
1.40 64
1.41 64
1.42 63
1.43 63
1.44 63
1.45 62
1.46 62
1.47 61
1.48 61
1.49 60
1.50 60
1.51 60
1.52 59
1.53 59
1.54 59
1.55 58
1.56 58
1.57 57
1.58 57
1.59 57
1.60 56
1.61 56
1.62 56
1.63 55
1.64 55
1.65 55
1.66 54
1.67 54
1.68 54
1.69 53
1.70 53
1.71 53
1.72 52
1.73 52
1.74 52
1.75 52
1.76 51
1.77 51
1.78 51
1.79 50
1.80 50
1.81 50
1.82 50
1.83 49
1.84 49
1.85 49
1.86 49
1.87 48
1.88 48
1.89 48
1.90 48
1.91 47
1.92 47
1.93 47
1.94 47
1.95 46
1.96 46
1.97 46
1.98 46
1.99 45
2.00 45
2.01 45
2.02 45
2.03 45
2.04 44
2.05 44
2.06 44
2.07 44
2.08 44
2.09 43
2.10 43
2.11 43
2.12 43
2.13 43
2.14 42
2.15 42
2.16 42
2.17 42
2.18 42
2.19 41
2.20 41
2.21 41
2.22 41
2.23 41
2.24 41
2.25 40
2.26 40
2.27 40
2.28 40
2.29 40
2.30 39
2.31 39
2.32 39
2.33 39
2.34 39
2.35 39
2.36 39
2.37 38
2.38 38
2.39 38
2.40 38
2.41 38
2.42 38
2.43 37
2.44 37
2.45 37
2.46 37
2.47 37
2.48 37
2.49 37
2.50 36
2.51 36
2.52 36
2.53 36
2.54 36
2.55 36
2.56 36
2.57 35
2.58 35
2.59 35
2.60 35
2.61 35
2.62 35
2.63 35
2.64 35
2.65 34
2.66 34
2.67 34
2.68 34
2.69 34
2.70 34
2.71 34
2.72 34
2.73 33
2.74 33
2.75 33
2.76 33
2.77 33
2.78 33
2.79 33
2.80 33
2.81 32
2.82 32
2.83 32
2.84 32
2.85 32
2.86 32
2.87 32
2.88 32
2.89 32
2.90 31
2.91 31
2.92 31
2.93 31
2.94 31
2.95 31
2.96 31
2.97 31
2.98 31
2.99 31
3.00 30

----------------------------------------------------------------------------------------------------
N* from FGLM Classical Bézout
----------------------------------------------------------------------------------------------------
1.00 47
1.01 47
1.02 47
1.03 46
1.04 46
1.05 46
1.06 45
1.07 45
1.08 45
1.09 44
1.10 44
1.11 44
1.12 43
1.13 43
1.14 43
1.15 42
1.16 42
1.17 42
1.18 42
1.19 41
1.20 41
1.21 41
1.22 41
1.23 40
1.24 40
1.25 40
1.26 40
1.27 39
1.28 39
1.29 39
1.30 39
1.31 38
1.32 38
1.33 38
1.34 38
1.35 37
1.36 37
1.37 37
1.38 37
1.39 37
1.40 36
1.41 36
1.42 36
1.43 36
1.44 36
1.45 35
1.46 35
1.47 35
1.48 35
1.49 35
1.50 34
1.51 34
1.52 34
1.53 34
1.54 34
1.55 34
1.56 33
1.57 33
1.58 33
1.59 33
1.60 33
1.61 33
1.62 32
1.63 32
1.64 32
1.65 32
1.66 32
1.67 32
1.68 32
1.69 31
1.70 31
1.71 31
1.72 31
1.73 31
1.74 31
1.75 31
1.76 30
1.77 30
1.78 30
1.79 30
1.80 30
1.81 30
1.82 30
1.83 29
1.84 29
1.85 29
1.86 29
1.87 29
1.88 29
1.89 29
1.90 29
1.91 29
1.92 28
1.93 28
1.94 28
1.95 28
1.96 28
1.97 28
1.98 28
1.99 28
2.00 28
2.01 27
2.02 27
2.03 27
2.04 27
2.05 27
2.06 27
2.07 27
2.08 27
2.09 27
2.10 26
2.11 26
2.12 26
2.13 26
2.14 26
2.15 26
2.16 26
2.17 26
2.18 26
2.19 26
2.20 26
2.21 25
2.22 25
2.23 25
2.24 25
2.25 25
2.26 25
2.27 25
2.28 25
2.29 25
2.30 25
2.31 25
2.32 25
2.33 24
2.34 24
2.35 24
2.36 24
2.37 24
2.38 24
2.39 24
2.40 24
2.41 24
2.42 24
2.43 24
2.44 24
2.45 23
2.46 23
2.47 23
2.48 23
2.49 23
2.50 23
2.51 23
2.52 23
2.53 23
2.54 23
2.55 23
2.56 23
2.57 23
2.58 23
2.59 23
2.60 22
2.61 22
2.62 22
2.63 22
2.64 22
2.65 22
2.66 22
2.67 22
2.68 22
2.69 22
2.70 22
2.71 22
2.72 22
2.73 22
2.74 22
2.75 21
2.76 21
2.77 21
2.78 21
2.79 21
2.80 21
2.81 21
2.82 21
2.83 21
2.84 21
2.85 21
2.86 21
2.87 21
2.88 21
2.89 21
2.90 21
2.91 21
2.92 21
2.93 20
2.94 20
2.95 20
2.96 20
2.97 20
2.98 20
2.99 20
3.00 20

----------------------------------------------------------------------------------------------------
N* from FAC approximation
----------------------------------------------------------------------------------------------------
1.00 61
3.00 61

----------------------------------------------------------------------------------------------------
N* from FAC Multihomogeneous Bézout
----------------------------------------------------------------------------------------------------
1.00 51
3.00 51

----------------------------------------------------------------------------------------------------
N* from FAC Classical Bézout
----------------------------------------------------------------------------------------------------
1.00 30
3.00 30

