----------------------------------------------------------------------------------------------------
Conjectured number of rounds (s=128)
----------------------------------------------------------------------------------------------------

----------------------------------------------------------------------------------------------------
FCICO
----------------------------------------------------------------------------------------------------

----------------------------------------------------------------------------------------------------
N* from GB approximation: Approx
----------------------------------------------------------------------------------------------------
1.00 32
1.01 32
1.02 32
1.03 31
1.04 31
1.05 31
1.06 30
1.07 30
1.08 30
1.09 30
1.10 29
1.11 29
1.12 29
1.13 29
1.14 28
1.15 28
1.16 28
1.17 28
1.18 28
1.19 27
1.20 27
1.21 27
1.22 27
1.23 26
1.24 26
1.25 26
1.26 26
1.27 26
1.28 25
1.29 25
1.30 25
1.31 25
1.32 25
1.33 25
1.34 24
1.35 24
1.36 24
1.37 24
1.38 24
1.39 24
1.40 23
1.41 23
1.42 23
1.43 23
1.44 23
1.45 23
1.46 23
1.47 22
1.48 22
1.49 22
1.50 22
1.51 22
1.52 22
1.53 22
1.54 21
1.55 21
1.56 21
1.57 21
1.58 21
1.59 21
1.60 21
1.61 21
1.62 20
1.63 20
1.64 20
1.65 20
1.66 20
1.67 20
1.68 20
1.69 20
1.70 20
1.71 19
1.72 19
1.73 19
1.74 19
1.75 19
1.76 19
1.77 19
1.78 19
1.79 19
1.80 19
1.81 18
1.82 18
1.83 18
1.84 18
1.85 18
1.86 18
1.87 18
1.88 18
1.89 18
1.90 18
1.91 18
1.92 17
1.93 17
1.94 17
1.95 17
1.96 17
1.97 17
1.98 17
1.99 17
2.00 17
2.01 17
2.02 17
2.03 17
2.04 16
2.05 16
2.06 16
2.07 16
2.08 16
2.09 16
2.10 16
2.11 16
2.12 16
2.13 16
2.14 16
2.15 16
2.16 16
2.17 16
2.18 16
2.19 15
2.20 15
2.21 15
2.22 15
2.23 15
2.24 15
2.25 15
2.26 15
2.27 15
2.28 15
2.29 15
2.30 15
2.31 15
2.32 15
2.33 15
2.34 15
2.35 14
2.36 14
2.37 14
2.38 14
2.39 14
2.40 14
2.41 14
2.42 14
2.43 14
2.44 14
2.45 14
2.46 14
2.47 14
2.48 14
2.49 14
2.50 14
2.51 14
2.52 14
2.53 14
2.54 13
2.55 13
2.56 13
2.57 13
2.58 13
2.59 13
2.60 13
2.61 13
2.62 13
2.63 13
2.64 13
2.65 13
2.66 13
2.67 13
2.68 13
2.69 13
2.70 13
2.71 13
2.72 13
2.73 13
2.74 13
2.75 13
2.76 12
2.77 12
2.78 12
2.79 12
2.80 12
2.81 12
2.82 12
2.83 12
2.84 12
2.85 12
2.86 12
2.87 12
2.88 12
2.89 12
2.90 12
2.91 12
2.92 12
2.93 12
2.94 12
2.95 12
2.96 12
2.97 12
2.98 12
2.99 12
3.00 12

----------------------------------------------------------------------------------------------------
N* from GB Macaulay
----------------------------------------------------------------------------------------------------
1.00 24
1.01 23
1.02 23
1.03 23
1.04 23
1.05 23
1.06 22
1.07 22
1.08 22
1.09 22
1.10 22
1.11 21
1.12 21
1.13 21
1.14 21
1.15 21
1.16 21
1.17 20
1.18 20
1.19 20
1.20 20
1.21 20
1.22 20
1.23 20
1.24 19
1.25 19
1.26 19
1.27 19
1.28 19
1.29 19
1.30 19
1.31 18
1.32 18
1.33 18
1.34 18
1.35 18
1.36 18
1.37 18
1.38 18
1.39 17
1.40 17
1.41 17
1.42 17
1.43 17
1.44 17
1.45 17
1.46 17
1.47 17
1.48 16
1.49 16
1.50 16
1.51 16
1.52 16
1.53 16
1.54 16
1.55 16
1.56 16
1.57 16
1.58 16
1.59 15
1.60 15
1.61 15
1.62 15
1.63 15
1.64 15
1.65 15
1.66 15
1.67 15
1.68 15
1.69 15
1.70 15
1.71 14
1.72 14
1.73 14
1.74 14
1.75 14
1.76 14
1.77 14
1.78 14
1.79 14
1.80 14
1.81 14
1.82 14
1.83 14
1.84 14
1.85 13
1.86 13
1.87 13
1.88 13
1.89 13
1.90 13
1.91 13
1.92 13
1.93 13
1.94 13
1.95 13
1.96 13
1.97 13
1.98 13
1.99 13
2.00 13
2.01 13
2.02 12
2.03 12
2.04 12
2.05 12
2.06 12
2.07 12
2.08 12
2.09 12
2.10 12
2.11 12
2.12 12
2.13 12
2.14 12
2.15 12
2.16 12
2.17 12
2.18 12
2.19 12
2.20 12
2.21 12
2.22 11
2.23 11
2.24 11
2.25 11
2.26 11
2.27 11
2.28 11
2.29 11
2.30 11
2.31 11
2.32 11
2.33 11
2.34 11
2.35 11
2.36 11
2.37 11
2.38 11
2.39 11
2.40 11
2.41 11
2.42 11
2.43 11
2.44 11
2.45 11
2.46 10
2.47 10
2.48 10
2.49 10
2.50 10
2.51 10
2.52 10
2.53 10
2.54 10
2.55 10
2.56 10
2.57 10
2.58 10
2.59 10
2.60 10
2.61 10
2.62 10
2.63 10
2.64 10
2.65 10
2.66 10
2.67 10
2.68 10
2.69 10
2.70 10
2.71 10
2.72 10
2.73 10
2.74 10
2.75 9
2.76 9
2.77 9
2.78 9
2.79 9
2.80 9
2.81 9
2.82 9
2.83 9
2.84 9
2.85 9
2.86 9
2.87 9
2.88 9
2.89 9
2.90 9
2.91 9
2.92 9
2.93 9
2.94 9
2.95 9
2.96 9
2.97 9
2.98 9
2.99 9
3.00 9

----------------------------------------------------------------------------------------------------
N* from FGLM approximation
----------------------------------------------------------------------------------------------------
1.00 53
1.01 52
1.02 52
1.03 51
1.04 51
1.05 50
1.06 50
1.07 49
1.08 49
1.09 48
1.10 48
1.11 48
1.12 47
1.13 47
1.14 46
1.15 46
1.16 46
1.17 45
1.18 45
1.19 44
1.20 44
1.21 44
1.22 43
1.23 43
1.24 43
1.25 42
1.26 42
1.27 42
1.28 41
1.29 41
1.30 41
1.31 41
1.32 40
1.33 40
1.34 40
1.35 39
1.36 39
1.37 39
1.38 38
1.39 38
1.40 38
1.41 38
1.42 37
1.43 37
1.44 37
1.45 37
1.46 36
1.47 36
1.48 36
1.49 36
1.50 35
1.51 35
1.52 35
1.53 35
1.54 35
1.55 34
1.56 34
1.57 34
1.58 34
1.59 34
1.60 33
1.61 33
1.62 33
1.63 33
1.64 33
1.65 32
1.66 32
1.67 32
1.68 32
1.69 32
1.70 31
1.71 31
1.72 31
1.73 31
1.74 31
1.75 31
1.76 30
1.77 30
1.78 30
1.79 30
1.80 30
1.81 30
1.82 29
1.83 29
1.84 29
1.85 29
1.86 29
1.87 29
1.88 28
1.89 28
1.90 28
1.91 28
1.92 28
1.93 28
1.94 28
1.95 27
1.96 27
1.97 27
1.98 27
1.99 27
2.00 27
2.01 27
2.02 27
2.03 26
2.04 26
2.05 26
2.06 26
2.07 26
2.08 26
2.09 26
2.10 26
2.11 25
2.12 25
2.13 25
2.14 25
2.15 25
2.16 25
2.17 25
2.18 25
2.19 25
2.20 24
2.21 24
2.22 24
2.23 24
2.24 24
2.25 24
2.26 24
2.27 24
2.28 24
2.29 24
2.30 23
2.31 23
2.32 23
2.33 23
2.34 23
2.35 23
2.36 23
2.37 23
2.38 23
2.39 23
2.40 22
2.41 22
2.42 22
2.43 22
2.44 22
2.45 22
2.46 22
2.47 22
2.48 22
2.49 22
2.50 22
2.51 22
2.52 21
2.53 21
2.54 21
2.55 21
2.56 21
2.57 21
2.58 21
2.59 21
2.60 21
2.61 21
2.62 21
2.63 21
2.64 21
2.65 20
2.66 20
2.67 20
2.68 20
2.69 20
2.70 20
2.71 20
2.72 20
2.73 20
2.74 20
2.75 20
2.76 20
2.77 20
2.78 20
2.79 19
2.80 19
2.81 19
2.82 19
2.83 19
2.84 19
2.85 19
2.86 19
2.87 19
2.88 19
2.89 19
2.90 19
2.91 19
2.92 19
2.93 19
2.94 18
2.95 18
2.96 18
2.97 18
2.98 18
2.99 18
3.00 18

----------------------------------------------------------------------------------------------------
N* from FGLM Multihomogeneous Bézout
----------------------------------------------------------------------------------------------------
1.00 39
1.01 39
1.02 38
1.03 38
1.04 37
1.05 37
1.06 37
1.07 36
1.08 36
1.09 36
1.10 35
1.11 35
1.12 35
1.13 35
1.14 34
1.15 34
1.16 34
1.17 33
1.18 33
1.19 33
1.20 33
1.21 32
1.22 32
1.23 32
1.24 32
1.25 31
1.26 31
1.27 31
1.28 31
1.29 30
1.30 30
1.31 30
1.32 30
1.33 29
1.34 29
1.35 29
1.36 29
1.37 29
1.38 28
1.39 28
1.40 28
1.41 28
1.42 28
1.43 27
1.44 27
1.45 27
1.46 27
1.47 27
1.48 27
1.49 26
1.50 26
1.51 26
1.52 26
1.53 26
1.54 26
1.55 25
1.56 25
1.57 25
1.58 25
1.59 25
1.60 25
1.61 24
1.62 24
1.63 24
1.64 24
1.65 24
1.66 24
1.67 24
1.68 23
1.69 23
1.70 23
1.71 23
1.72 23
1.73 23
1.74 23
1.75 23
1.76 22
1.77 22
1.78 22
1.79 22
1.80 22
1.81 22
1.82 22
1.83 22
1.84 22
1.85 21
1.86 21
1.87 21
1.88 21
1.89 21
1.90 21
1.91 21
1.92 21
1.93 21
1.94 20
1.95 20
1.96 20
1.97 20
1.98 20
1.99 20
2.00 20
2.01 20
2.02 20
2.03 20
2.04 19
2.05 19
2.06 19
2.07 19
2.08 19
2.09 19
2.10 19
2.11 19
2.12 19
2.13 19
2.14 19
2.15 19
2.16 18
2.17 18
2.18 18
2.19 18
2.20 18
2.21 18
2.22 18
2.23 18
2.24 18
2.25 18
2.26 18
2.27 18
2.28 18
2.29 17
2.30 17
2.31 17
2.32 17
2.33 17
2.34 17
2.35 17
2.36 17
2.37 17
2.38 17
2.39 17
2.40 17
2.41 17
2.42 17
2.43 16
2.44 16
2.45 16
2.46 16
2.47 16
2.48 16
2.49 16
2.50 16
2.51 16
2.52 16
2.53 16
2.54 16
2.55 16
2.56 16
2.57 16
2.58 16
2.59 15
2.60 15
2.61 15
2.62 15
2.63 15
2.64 15
2.65 15
2.66 15
2.67 15
2.68 15
2.69 15
2.70 15
2.71 15
2.72 15
2.73 15
2.74 15
2.75 15
2.76 15
2.77 15
2.78 14
2.79 14
2.80 14
2.81 14
2.82 14
2.83 14
2.84 14
2.85 14
2.86 14
2.87 14
2.88 14
2.89 14
2.90 14
2.91 14
2.92 14
2.93 14
2.94 14
2.95 14
2.96 14
2.97 14
2.98 14
2.99 14
3.00 13

----------------------------------------------------------------------------------------------------
N* from FGLM Classical Bézout
----------------------------------------------------------------------------------------------------
1.00 39
1.01 39
1.02 38
1.03 38
1.04 37
1.05 37
1.06 37
1.07 36
1.08 36
1.09 36
1.10 35
1.11 35
1.12 35
1.13 35
1.14 34
1.15 34
1.16 34
1.17 33
1.18 33
1.19 33
1.20 33
1.21 32
1.22 32
1.23 32
1.24 32
1.25 31
1.26 31
1.27 31
1.28 31
1.29 30
1.30 30
1.31 30
1.32 30
1.33 29
1.34 29
1.35 29
1.36 29
1.37 29
1.38 28
1.39 28
1.40 28
1.41 28
1.42 28
1.43 27
1.44 27
1.45 27
1.46 27
1.47 27
1.48 27
1.49 26
1.50 26
1.51 26
1.52 26
1.53 26
1.54 26
1.55 25
1.56 25
1.57 25
1.58 25
1.59 25
1.60 25
1.61 24
1.62 24
1.63 24
1.64 24
1.65 24
1.66 24
1.67 24
1.68 23
1.69 23
1.70 23
1.71 23
1.72 23
1.73 23
1.74 23
1.75 23
1.76 22
1.77 22
1.78 22
1.79 22
1.80 22
1.81 22
1.82 22
1.83 22
1.84 22
1.85 21
1.86 21
1.87 21
1.88 21
1.89 21
1.90 21
1.91 21
1.92 21
1.93 21
1.94 20
1.95 20
1.96 20
1.97 20
1.98 20
1.99 20
2.00 20
2.01 20
2.02 20
2.03 20
2.04 19
2.05 19
2.06 19
2.07 19
2.08 19
2.09 19
2.10 19
2.11 19
2.12 19
2.13 19
2.14 19
2.15 19
2.16 18
2.17 18
2.18 18
2.19 18
2.20 18
2.21 18
2.22 18
2.23 18
2.24 18
2.25 18
2.26 18
2.27 18
2.28 18
2.29 17
2.30 17
2.31 17
2.32 17
2.33 17
2.34 17
2.35 17
2.36 17
2.37 17
2.38 17
2.39 17
2.40 17
2.41 17
2.42 17
2.43 16
2.44 16
2.45 16
2.46 16
2.47 16
2.48 16
2.49 16
2.50 16
2.51 16
2.52 16
2.53 16
2.54 16
2.55 16
2.56 16
2.57 16
2.58 16
2.59 15
2.60 15
2.61 15
2.62 15
2.63 15
2.64 15
2.65 15
2.66 15
2.67 15
2.68 15
2.69 15
2.70 15
2.71 15
2.72 15
2.73 15
2.74 15
2.75 15
2.76 15
2.77 15
2.78 14
2.79 14
2.80 14
2.81 14
2.82 14
2.83 14
2.84 14
2.85 14
2.86 14
2.87 14
2.88 14
2.89 14
2.90 14
2.91 14
2.92 14
2.93 14
2.94 14
2.95 14
2.96 14
2.97 14
2.98 14
2.99 14
3.00 13

----------------------------------------------------------------------------------------------------
N* from FAC approximation
----------------------------------------------------------------------------------------------------
1.00 31
3.00 31

----------------------------------------------------------------------------------------------------
N* from FAC Multihomogeneous Bézout
----------------------------------------------------------------------------------------------------
1.00 23
3.00 23

----------------------------------------------------------------------------------------------------
N* from FAC Classical Bézout
----------------------------------------------------------------------------------------------------
1.00 23
3.00 23

----------------------------------------------------------------------------------------------------
PCICO
----------------------------------------------------------------------------------------------------

----------------------------------------------------------------------------------------------------
N* from GB approximation: Approx
----------------------------------------------------------------------------------------------------
1.00 40
1.01 40
1.02 40
1.03 39
1.04 39
1.05 38
1.06 38
1.07 38
1.08 37
1.09 37
1.10 37
1.11 37
1.12 36
1.13 36
1.14 36
1.15 35
1.16 35
1.17 35
1.18 34
1.19 34
1.20 34
1.21 34
1.22 33
1.23 33
1.24 33
1.25 33
1.26 32
1.27 32
1.28 32
1.29 32
1.30 31
1.31 31
1.32 31
1.33 31
1.34 31
1.35 30
1.36 30
1.37 30
1.38 30
1.39 29
1.40 29
1.41 29
1.42 29
1.43 29
1.44 28
1.45 28
1.46 28
1.47 28
1.48 28
1.49 28
1.50 27
1.51 27
1.52 27
1.53 27
1.54 27
1.55 27
1.56 26
1.57 26
1.58 26
1.59 26
1.60 26
1.61 26
1.62 25
1.63 25
1.64 25
1.65 25
1.66 25
1.67 25
1.68 25
1.69 24
1.70 24
1.71 24
1.72 24
1.73 24
1.74 24
1.75 24
1.76 24
1.77 23
1.78 23
1.79 23
1.80 23
1.81 23
1.82 23
1.83 23
1.84 23
1.85 23
1.86 22
1.87 22
1.88 22
1.89 22
1.90 22
1.91 22
1.92 22
1.93 22
1.94 22
1.95 21
1.96 21
1.97 21
1.98 21
1.99 21
2.00 21
2.01 21
2.02 21
2.03 21
2.04 21
2.05 20
2.06 20
2.07 20
2.08 20
2.09 20
2.10 20
2.11 20
2.12 20
2.13 20
2.14 20
2.15 20
2.16 19
2.17 19
2.18 19
2.19 19
2.20 19
2.21 19
2.22 19
2.23 19
2.24 19
2.25 19
2.26 19
2.27 19
2.28 19
2.29 18
2.30 18
2.31 18
2.32 18
2.33 18
2.34 18
2.35 18
2.36 18
2.37 18
2.38 18
2.39 18
2.40 18
2.41 18
2.42 18
2.43 17
2.44 17
2.45 17
2.46 17
2.47 17
2.48 17
2.49 17
2.50 17
2.51 17
2.52 17
2.53 17
2.54 17
2.55 17
2.56 17
2.57 17
2.58 17
2.59 16
2.60 16
2.61 16
2.62 16
2.63 16
2.64 16
2.65 16
2.66 16
2.67 16
2.68 16
2.69 16
2.70 16
2.71 16
2.72 16
2.73 16
2.74 16
2.75 16
2.76 16
2.77 15
2.78 15
2.79 15
2.80 15
2.81 15
2.82 15
2.83 15
2.84 15
2.85 15
2.86 15
2.87 15
2.88 15
2.89 15
2.90 15
2.91 15
2.92 15
2.93 15
2.94 15
2.95 15
2.96 15
2.97 14
2.98 14
2.99 14
3.00 14

----------------------------------------------------------------------------------------------------
N* from GB Macaulay
----------------------------------------------------------------------------------------------------
1.00 21
1.01 21
1.02 21
1.03 21
1.04 21
1.05 21
1.06 20
1.07 20
1.08 20
1.09 20
1.10 20
1.11 20
1.12 20
1.13 19
1.14 19
1.15 19
1.16 19
1.17 19
1.18 19
1.19 19
1.20 19
1.21 19
1.22 18
1.23 18
1.24 18
1.25 18
1.26 18
1.27 18
1.28 18
1.29 18
1.30 18
1.31 17
1.32 17
1.33 17
1.34 17
1.35 17
1.36 17
1.37 17
1.38 17
1.39 17
1.40 17
1.41 17
1.42 16
1.43 16
1.44 16
1.45 16
1.46 16
1.47 16
1.48 16
1.49 16
1.50 16
1.51 16
1.52 16
1.53 16
1.54 15
1.55 15
1.56 15
1.57 15
1.58 15
1.59 15
1.60 15
1.61 15
1.62 15
1.63 15
1.64 15
1.65 15
1.66 15
1.67 15
1.68 15
1.69 14
1.70 14
1.71 14
1.72 14
1.73 14
1.74 14
1.75 14
1.76 14
1.77 14
1.78 14
1.79 14
1.80 14
1.81 14
1.82 14
1.83 14
1.84 14
1.85 14
1.86 13
1.87 13
1.88 13
1.89 13
1.90 13
1.91 13
1.92 13
1.93 13
1.94 13
1.95 13
1.96 13
1.97 13
1.98 13
1.99 13
2.00 13
2.01 13
2.02 13
2.03 13
2.04 13
2.05 13
2.06 13
2.07 12
2.08 12
2.09 12
2.10 12
2.11 12
2.12 12
2.13 12
2.14 12
2.15 12
2.16 12
2.17 12
2.18 12
2.19 12
2.20 12
2.21 12
2.22 12
2.23 12
2.24 12
2.25 12
2.26 12
2.27 12
2.28 12
2.29 12
2.30 12
2.31 12
2.32 11
2.33 11
2.34 11
2.35 11
2.36 11
2.37 11
2.38 11
2.39 11
2.40 11
2.41 11
2.42 11
2.43 11
2.44 11
2.45 11
2.46 11
2.47 11
2.48 11
2.49 11
2.50 11
2.51 11
2.52 11
2.53 11
2.54 11
2.55 11
2.56 11
2.57 11
2.58 11
2.59 11
2.60 11
2.61 11
2.62 11
2.63 11
2.64 10
2.65 10
2.66 10
2.67 10
2.68 10
2.69 10
2.70 10
2.71 10
2.72 10
2.73 10
2.74 10
2.75 10
2.76 10
2.77 10
2.78 10
2.79 10
2.80 10
2.81 10
2.82 10
2.83 10
2.84 10
2.85 10
2.86 10
2.87 10
2.88 10
2.89 10
2.90 10
2.91 10
2.92 10
2.93 10
2.94 10
2.95 10
2.96 10
2.97 10
2.98 10
2.99 10
3.00 10

----------------------------------------------------------------------------------------------------
N* from FGLM approximation
----------------------------------------------------------------------------------------------------
1.00 53
1.01 53
1.02 52
1.03 52
1.04 51
1.05 51
1.06 50
1.07 50
1.08 49
1.09 49
1.10 48
1.11 48
1.12 48
1.13 47
1.14 47
1.15 46
1.16 46
1.17 46
1.18 45
1.19 45
1.20 44
1.21 44
1.22 44
1.23 43
1.24 43
1.25 43
1.26 42
1.27 42
1.28 42
1.29 41
1.30 41
1.31 41
1.32 41
1.33 40
1.34 40
1.35 40
1.36 39
1.37 39
1.38 39
1.39 39
1.40 38
1.41 38
1.42 38
1.43 37
1.44 37
1.45 37
1.46 37
1.47 36
1.48 36
1.49 36
1.50 36
1.51 36
1.52 35
1.53 35
1.54 35
1.55 35
1.56 34
1.57 34
1.58 34
1.59 34
1.60 34
1.61 33
1.62 33
1.63 33
1.64 33
1.65 33
1.66 32
1.67 32
1.68 32
1.69 32
1.70 32
1.71 31
1.72 31
1.73 31
1.74 31
1.75 31
1.76 31
1.77 30
1.78 30
1.79 30
1.80 30
1.81 30
1.82 30
1.83 29
1.84 29
1.85 29
1.86 29
1.87 29
1.88 29
1.89 29
1.90 28
1.91 28
1.92 28
1.93 28
1.94 28
1.95 28
1.96 28
1.97 27
1.98 27
1.99 27
2.00 27
2.01 27
2.02 27
2.03 27
2.04 27
2.05 26
2.06 26
2.07 26
2.08 26
2.09 26
2.10 26
2.11 26
2.12 26
2.13 25
2.14 25
2.15 25
2.16 25
2.17 25
2.18 25
2.19 25
2.20 25
2.21 25
2.22 24
2.23 24
2.24 24
2.25 24
2.26 24
2.27 24
2.28 24
2.29 24
2.30 24
2.31 24
2.32 23
2.33 23
2.34 23
2.35 23
2.36 23
2.37 23
2.38 23
2.39 23
2.40 23
2.41 23
2.42 22
2.43 22
2.44 22
2.45 22
2.46 22
2.47 22
2.48 22
2.49 22
2.50 22
2.51 22
2.52 22
2.53 22
2.54 21
2.55 21
2.56 21
2.57 21
2.58 21
2.59 21
2.60 21
2.61 21
2.62 21
2.63 21
2.64 21
2.65 21
2.66 21
2.67 20
2.68 20
2.69 20
2.70 20
2.71 20
2.72 20
2.73 20
2.74 20
2.75 20
2.76 20
2.77 20
2.78 20
2.79 20
2.80 20
2.81 19
2.82 19
2.83 19
2.84 19
2.85 19
2.86 19
2.87 19
2.88 19
2.89 19
2.90 19
2.91 19
2.92 19
2.93 19
2.94 19
2.95 19
2.96 19
2.97 18
2.98 18
2.99 18
3.00 18

----------------------------------------------------------------------------------------------------
N* from FGLM Multihomogeneous Bézout
----------------------------------------------------------------------------------------------------
1.00 44
1.01 44
1.02 43
1.03 43
1.04 43
1.05 42
1.06 42
1.07 41
1.08 41
1.09 41
1.10 40
1.11 40
1.12 40
1.13 39
1.14 39
1.15 39
1.16 38
1.17 38
1.18 38
1.19 37
1.20 37
1.21 37
1.22 37
1.23 36
1.24 36
1.25 36
1.26 35
1.27 35
1.28 35
1.29 35
1.30 34
1.31 34
1.32 34
1.33 34
1.34 33
1.35 33
1.36 33
1.37 33
1.38 32
1.39 32
1.40 32
1.41 32
1.42 32
1.43 31
1.44 31
1.45 31
1.46 31
1.47 30
1.48 30
1.49 30
1.50 30
1.51 30
1.52 30
1.53 29
1.54 29
1.55 29
1.56 29
1.57 29
1.58 28
1.59 28
1.60 28
1.61 28
1.62 28
1.63 28
1.64 27
1.65 27
1.66 27
1.67 27
1.68 27
1.69 27
1.70 26
1.71 26
1.72 26
1.73 26
1.74 26
1.75 26
1.76 26
1.77 25
1.78 25
1.79 25
1.80 25
1.81 25
1.82 25
1.83 25
1.84 25
1.85 24
1.86 24
1.87 24
1.88 24
1.89 24
1.90 24
1.91 24
1.92 24
1.93 23
1.94 23
1.95 23
1.96 23
1.97 23
1.98 23
1.99 23
2.00 23
2.01 23
2.02 22
2.03 22
2.04 22
2.05 22
2.06 22
2.07 22
2.08 22
2.09 22
2.10 22
2.11 22
2.12 21
2.13 21
2.14 21
2.15 21
2.16 21
2.17 21
2.18 21
2.19 21
2.20 21
2.21 21
2.22 20
2.23 20
2.24 20
2.25 20
2.26 20
2.27 20
2.28 20
2.29 20
2.30 20
2.31 20
2.32 20
2.33 20
2.34 19
2.35 19
2.36 19
2.37 19
2.38 19
2.39 19
2.40 19
2.41 19
2.42 19
2.43 19
2.44 19
2.45 19
2.46 19
2.47 19
2.48 18
2.49 18
2.50 18
2.51 18
2.52 18
2.53 18
2.54 18
2.55 18
2.56 18
2.57 18
2.58 18
2.59 18
2.60 18
2.61 18
2.62 17
2.63 17
2.64 17
2.65 17
2.66 17
2.67 17
2.68 17
2.69 17
2.70 17
2.71 17
2.72 17
2.73 17
2.74 17
2.75 17
2.76 17
2.77 17
2.78 17
2.79 16
2.80 16
2.81 16
2.82 16
2.83 16
2.84 16
2.85 16
2.86 16
2.87 16
2.88 16
2.89 16
2.90 16
2.91 16
2.92 16
2.93 16
2.94 16
2.95 16
2.96 16
2.97 16
2.98 15
2.99 15
3.00 15

----------------------------------------------------------------------------------------------------
N* from FGLM Classical Bézout
----------------------------------------------------------------------------------------------------
1.00 27
1.01 27
1.02 27
1.03 26
1.04 26
1.05 26
1.06 26
1.07 26
1.08 26
1.09 25
1.10 25
1.11 25
1.12 25
1.13 25
1.14 24
1.15 24
1.16 24
1.17 24
1.18 24
1.19 24
1.20 24
1.21 23
1.22 23
1.23 23
1.24 23
1.25 23
1.26 23
1.27 23
1.28 22
1.29 22
1.30 22
1.31 22
1.32 22
1.33 22
1.34 22
1.35 21
1.36 21
1.37 21
1.38 21
1.39 21
1.40 21
1.41 21
1.42 21
1.43 21
1.44 20
1.45 20
1.46 20
1.47 20
1.48 20
1.49 20
1.50 20
1.51 20
1.52 20
1.53 20
1.54 19
1.55 19
1.56 19
1.57 19
1.58 19
1.59 19
1.60 19
1.61 19
1.62 19
1.63 19
1.64 19
1.65 18
1.66 18
1.67 18
1.68 18
1.69 18
1.70 18
1.71 18
1.72 18
1.73 18
1.74 18
1.75 18
1.76 18
1.77 17
1.78 17
1.79 17
1.80 17
1.81 17
1.82 17
1.83 17
1.84 17
1.85 17
1.86 17
1.87 17
1.88 17
1.89 17
1.90 17
1.91 16
1.92 16
1.93 16
1.94 16
1.95 16
1.96 16
1.97 16
1.98 16
1.99 16
2.00 16
2.01 16
2.02 16
2.03 16
2.04 16
2.05 16
2.06 16
2.07 16
2.08 15
2.09 15
2.10 15
2.11 15
2.12 15
2.13 15
2.14 15
2.15 15
2.16 15
2.17 15
2.18 15
2.19 15
2.20 15
2.21 15
2.22 15
2.23 15
2.24 15
2.25 15
2.26 15
2.27 14
2.28 14
2.29 14
2.30 14
2.31 14
2.32 14
2.33 14
2.34 14
2.35 14
2.36 14
2.37 14
2.38 14
2.39 14
2.40 14
2.41 14
2.42 14
2.43 14
2.44 14
2.45 14
2.46 14
2.47 14
2.48 14
2.49 13
2.50 13
2.51 13
2.52 13
2.53 13
2.54 13
2.55 13
2.56 13
2.57 13
2.58 13
2.59 13
2.60 13
2.61 13
2.62 13
2.63 13
2.64 13
2.65 13
2.66 13
2.67 13
2.68 13
2.69 13
2.70 13
2.71 13
2.72 13
2.73 13
2.74 13
2.75 13
2.76 12
2.77 12
2.78 12
2.79 12
2.80 12
2.81 12
2.82 12
2.83 12
2.84 12
2.85 12
2.86 12
2.87 12
2.88 12
2.89 12
2.90 12
2.91 12
2.92 12
2.93 12
2.94 12
2.95 12
2.96 12
2.97 12
2.98 12
2.99 12
3.00 12

----------------------------------------------------------------------------------------------------
N* from FAC approximation
----------------------------------------------------------------------------------------------------
1.00 31
3.00 31

----------------------------------------------------------------------------------------------------
N* from FAC Multihomogeneous Bézout
----------------------------------------------------------------------------------------------------
1.00 26
3.00 26

----------------------------------------------------------------------------------------------------
N* from FAC Classical Bézout
----------------------------------------------------------------------------------------------------
1.00 18
3.00 18

