----------------------------------------------------------------------------------------------------
Conjectured number of rounds (s=256)
----------------------------------------------------------------------------------------------------

----------------------------------------------------------------------------------------------------
FCICO
----------------------------------------------------------------------------------------------------

----------------------------------------------------------------------------------------------------
N* from GB approximation: Approx
----------------------------------------------------------------------------------------------------
1.00 40
1.01 40
1.02 39
1.03 39
1.04 38
1.05 38
1.06 38
1.07 37
1.08 37
1.09 37
1.10 36
1.11 36
1.12 36
1.13 36
1.14 35
1.15 35
1.16 35
1.17 34
1.18 34
1.19 34
1.20 34
1.21 33
1.22 33
1.23 33
1.24 32
1.25 32
1.26 32
1.27 32
1.28 32
1.29 31
1.30 31
1.31 31
1.32 31
1.33 30
1.34 30
1.35 30
1.36 30
1.37 30
1.38 29
1.39 29
1.40 29
1.41 29
1.42 29
1.43 28
1.44 28
1.45 28
1.46 28
1.47 28
1.48 27
1.49 27
1.50 27
1.51 27
1.52 27
1.53 27
1.54 26
1.55 26
1.56 26
1.57 26
1.58 26
1.59 26
1.60 25
1.61 25
1.62 25
1.63 25
1.64 25
1.65 25
1.66 25
1.67 24
1.68 24
1.69 24
1.70 24
1.71 24
1.72 24
1.73 24
1.74 23
1.75 23
1.76 23
1.77 23
1.78 23
1.79 23
1.80 23
1.81 23
1.82 23
1.83 22
1.84 22
1.85 22
1.86 22
1.87 22
1.88 22
1.89 22
1.90 22
1.91 22
1.92 21
1.93 21
1.94 21
1.95 21
1.96 21
1.97 21
1.98 21
1.99 21
2.00 21
2.01 20
2.02 20
2.03 20
2.04 20
2.05 20
2.06 20
2.07 20
2.08 20
2.09 20
2.10 20
2.11 20
2.12 19
2.13 19
2.14 19
2.15 19
2.16 19
2.17 19
2.18 19
2.19 19
2.20 19
2.21 19
2.22 19
2.23 19
2.24 18
2.25 18
2.26 18
2.27 18
2.28 18
2.29 18
2.30 18
2.31 18
2.32 18
2.33 18
2.34 18
2.35 18
2.36 18
2.37 18
2.38 17
2.39 17
2.40 17
2.41 17
2.42 17
2.43 17
2.44 17
2.45 17
2.46 17
2.47 17
2.48 17
2.49 17
2.50 17
2.51 17
2.52 17
2.53 16
2.54 16
2.55 16
2.56 16
2.57 16
2.58 16
2.59 16
2.60 16
2.61 16
2.62 16
2.63 16
2.64 16
2.65 16
2.66 16
2.67 16
2.68 16
2.69 16
2.70 16
2.71 15
2.72 15
2.73 15
2.74 15
2.75 15
2.76 15
2.77 15
2.78 15
2.79 15
2.80 15
2.81 15
2.82 15
2.83 15
2.84 15
2.85 15
2.86 15
2.87 15
2.88 15
2.89 15
2.90 15
2.91 14
2.92 14
2.93 14
2.94 14
2.95 14
2.96 14
2.97 14
2.98 14
2.99 14
3.00 14

----------------------------------------------------------------------------------------------------
N* from GB Macaulay
----------------------------------------------------------------------------------------------------
1.00 27
1.01 27
1.02 26
1.03 26
1.04 26
1.05 26
1.06 26
1.07 25
1.08 25
1.09 25
1.10 25
1.11 24
1.12 24
1.13 24
1.14 24
1.15 24
1.16 23
1.17 23
1.18 23
1.19 23
1.20 23
1.21 23
1.22 22
1.23 22
1.24 22
1.25 22
1.26 22
1.27 22
1.28 21
1.29 21
1.30 21
1.31 21
1.32 21
1.33 21
1.34 20
1.35 20
1.36 20
1.37 20
1.38 20
1.39 20
1.40 20
1.41 20
1.42 19
1.43 19
1.44 19
1.45 19
1.46 19
1.47 19
1.48 19
1.49 19
1.50 18
1.51 18
1.52 18
1.53 18
1.54 18
1.55 18
1.56 18
1.57 18
1.58 18
1.59 17
1.60 17
1.61 17
1.62 17
1.63 17
1.64 17
1.65 17
1.66 17
1.67 17
1.68 17
1.69 17
1.70 16
1.71 16
1.72 16
1.73 16
1.74 16
1.75 16
1.76 16
1.77 16
1.78 16
1.79 16
1.80 16
1.81 16
1.82 15
1.83 15
1.84 15
1.85 15
1.86 15
1.87 15
1.88 15
1.89 15
1.90 15
1.91 15
1.92 15
1.93 15
1.94 15
1.95 14
1.96 14
1.97 14
1.98 14
1.99 14
2.00 14
2.01 14
2.02 14
2.03 14
2.04 14
2.05 14
2.06 14
2.07 14
2.08 14
2.09 14
2.10 14
2.11 13
2.12 13
2.13 13
2.14 13
2.15 13
2.16 13
2.17 13
2.18 13
2.19 13
2.20 13
2.21 13
2.22 13
2.23 13
2.24 13
2.25 13
2.26 13
2.27 13
2.28 13
2.29 13
2.30 12
2.31 12
2.32 12
2.33 12
2.34 12
2.35 12
2.36 12
2.37 12
2.38 12
2.39 12
2.40 12
2.41 12
2.42 12
2.43 12
2.44 12
2.45 12
2.46 12
2.47 12
2.48 12
2.49 12
2.50 12
2.51 12
2.52 11
2.53 11
2.54 11
2.55 11
2.56 11
2.57 11
2.58 11
2.59 11
2.60 11
2.61 11
2.62 11
2.63 11
2.64 11
2.65 11
2.66 11
2.67 11
2.68 11
2.69 11
2.70 11
2.71 11
2.72 11
2.73 11
2.74 11
2.75 11
2.76 11
2.77 11
2.78 11
2.79 11
2.80 10
2.81 10
2.82 10
2.83 10
2.84 10
2.85 10
2.86 10
2.87 10
2.88 10
2.89 10
2.90 10
2.91 10
2.92 10
2.93 10
2.94 10
2.95 10
2.96 10
2.97 10
2.98 10
2.99 10
3.00 10

----------------------------------------------------------------------------------------------------
N* from FGLM approximation
----------------------------------------------------------------------------------------------------
1.00 68
1.01 67
1.02 66
1.03 66
1.04 65
1.05 65
1.06 64
1.07 63
1.08 63
1.09 62
1.10 62
1.11 61
1.12 61
1.13 60
1.14 60
1.15 59
1.16 59
1.17 58
1.18 58
1.19 57
1.20 57
1.21 56
1.22 56
1.23 55
1.24 55
1.25 54
1.26 54
1.27 54
1.28 53
1.29 53
1.30 52
1.31 52
1.32 52
1.33 51
1.34 51
1.35 50
1.36 50
1.37 50
1.38 49
1.39 49
1.40 49
1.41 48
1.42 48
1.43 48
1.44 47
1.45 47
1.46 47
1.47 46
1.48 46
1.49 46
1.50 45
1.51 45
1.52 45
1.53 45
1.54 44
1.55 44
1.56 44
1.57 43
1.58 43
1.59 43
1.60 43
1.61 42
1.62 42
1.63 42
1.64 42
1.65 41
1.66 41
1.67 41
1.68 41
1.69 40
1.70 40
1.71 40
1.72 40
1.73 40
1.74 39
1.75 39
1.76 39
1.77 39
1.78 38
1.79 38
1.80 38
1.81 38
1.82 38
1.83 37
1.84 37
1.85 37
1.86 37
1.87 37
1.88 36
1.89 36
1.90 36
1.91 36
1.92 36
1.93 35
1.94 35
1.95 35
1.96 35
1.97 35
1.98 35
1.99 34
2.00 34
2.01 34
2.02 34
2.03 34
2.04 34
2.05 33
2.06 33
2.07 33
2.08 33
2.09 33
2.10 33
2.11 33
2.12 32
2.13 32
2.14 32
2.15 32
2.16 32
2.17 32
2.18 31
2.19 31
2.20 31
2.21 31
2.22 31
2.23 31
2.24 31
2.25 31
2.26 30
2.27 30
2.28 30
2.29 30
2.30 30
2.31 30
2.32 30
2.33 30
2.34 29
2.35 29
2.36 29
2.37 29
2.38 29
2.39 29
2.40 29
2.41 29
2.42 28
2.43 28
2.44 28
2.45 28
2.46 28
2.47 28
2.48 28
2.49 28
2.50 28
2.51 27
2.52 27
2.53 27
2.54 27
2.55 27
2.56 27
2.57 27
2.58 27
2.59 27
2.60 27
2.61 26
2.62 26
2.63 26
2.64 26
2.65 26
2.66 26
2.67 26
2.68 26
2.69 26
2.70 26
2.71 25
2.72 25
2.73 25
2.74 25
2.75 25
2.76 25
2.77 25
2.78 25
2.79 25
2.80 25
2.81 25
2.82 24
2.83 24
2.84 24
2.85 24
2.86 24
2.87 24
2.88 24
2.89 24
2.90 24
2.91 24
2.92 24
2.93 24
2.94 24
2.95 23
2.96 23
2.97 23
2.98 23
2.99 23
3.00 23

----------------------------------------------------------------------------------------------------
N* from FGLM Multihomogeneous Bézout
----------------------------------------------------------------------------------------------------
1.00 37
1.01 36
1.02 36
1.03 36
1.04 35
1.05 35
1.06 35
1.07 34
1.08 34
1.09 34
1.10 33
1.11 33
1.12 33
1.13 32
1.14 32
1.15 32
1.16 32
1.17 31
1.18 31
1.19 31
1.20 31
1.21 30
1.22 30
1.23 30
1.24 30
1.25 29
1.26 29
1.27 29
1.28 29
1.29 29
1.30 28
1.31 28
1.32 28
1.33 28
1.34 27
1.35 27
1.36 27
1.37 27
1.38 27
1.39 27
1.40 26
1.41 26
1.42 26
1.43 26
1.44 26
1.45 25
1.46 25
1.47 25
1.48 25
1.49 25
1.50 25
1.51 24
1.52 24
1.53 24
1.54 24
1.55 24
1.56 24
1.57 24
1.58 23
1.59 23
1.60 23
1.61 23
1.62 23
1.63 23
1.64 23
1.65 22
1.66 22
1.67 22
1.68 22
1.69 22
1.70 22
1.71 22
1.72 22
1.73 21
1.74 21
1.75 21
1.76 21
1.77 21
1.78 21
1.79 21
1.80 21
1.81 21
1.82 20
1.83 20
1.84 20
1.85 20
1.86 20
1.87 20
1.88 20
1.89 20
1.90 20
1.91 19
1.92 19
1.93 19
1.94 19
1.95 19
1.96 19
1.97 19
1.98 19
1.99 19
2.00 19
2.01 19
2.02 18
2.03 18
2.04 18
2.05 18
2.06 18
2.07 18
2.08 18
2.09 18
2.10 18
2.11 18
2.12 18
2.13 18
2.14 17
2.15 17
2.16 17
2.17 17
2.18 17
2.19 17
2.20 17
2.21 17
2.22 17
2.23 17
2.24 17
2.25 17
2.26 17
2.27 16
2.28 16
2.29 16
2.30 16
2.31 16
2.32 16
2.33 16
2.34 16
2.35 16
2.36 16
2.37 16
2.38 16
2.39 16
2.40 16
2.41 16
2.42 15
2.43 15
2.44 15
2.45 15
2.46 15
2.47 15
2.48 15
2.49 15
2.50 15
2.51 15
2.52 15
2.53 15
2.54 15
2.55 15
2.56 15
2.57 15
2.58 15
2.59 15
2.60 14
2.61 14
2.62 14
2.63 14
2.64 14
2.65 14
2.66 14
2.67 14
2.68 14
2.69 14
2.70 14
2.71 14
2.72 14
2.73 14
2.74 14
2.75 14
2.76 14
2.77 14
2.78 14
2.79 14
2.80 13
2.81 13
2.82 13
2.83 13
2.84 13
2.85 13
2.86 13
2.87 13
2.88 13
2.89 13
2.90 13
2.91 13
2.92 13
2.93 13
2.94 13
2.95 13
2.96 13
2.97 13
2.98 13
2.99 13
3.00 13

----------------------------------------------------------------------------------------------------
N* from FGLM Classical Bézout
----------------------------------------------------------------------------------------------------
1.00 37
1.01 36
1.02 36
1.03 36
1.04 35
1.05 35
1.06 35
1.07 34
1.08 34
1.09 34
1.10 33
1.11 33
1.12 33
1.13 32
1.14 32
1.15 32
1.16 32
1.17 31
1.18 31
1.19 31
1.20 31
1.21 30
1.22 30
1.23 30
1.24 30
1.25 29
1.26 29
1.27 29
1.28 29
1.29 29
1.30 28
1.31 28
1.32 28
1.33 28
1.34 27
1.35 27
1.36 27
1.37 27
1.38 27
1.39 27
1.40 26
1.41 26
1.42 26
1.43 26
1.44 26
1.45 25
1.46 25
1.47 25
1.48 25
1.49 25
1.50 25
1.51 24
1.52 24
1.53 24
1.54 24
1.55 24
1.56 24
1.57 24
1.58 23
1.59 23
1.60 23
1.61 23
1.62 23
1.63 23
1.64 23
1.65 22
1.66 22
1.67 22
1.68 22
1.69 22
1.70 22
1.71 22
1.72 22
1.73 21
1.74 21
1.75 21
1.76 21
1.77 21
1.78 21
1.79 21
1.80 21
1.81 21
1.82 20
1.83 20
1.84 20
1.85 20
1.86 20
1.87 20
1.88 20
1.89 20
1.90 20
1.91 19
1.92 19
1.93 19
1.94 19
1.95 19
1.96 19
1.97 19
1.98 19
1.99 19
2.00 19
2.01 19
2.02 18
2.03 18
2.04 18
2.05 18
2.06 18
2.07 18
2.08 18
2.09 18
2.10 18
2.11 18
2.12 18
2.13 18
2.14 17
2.15 17
2.16 17
2.17 17
2.18 17
2.19 17
2.20 17
2.21 17
2.22 17
2.23 17
2.24 17
2.25 17
2.26 17
2.27 16
2.28 16
2.29 16
2.30 16
2.31 16
2.32 16
2.33 16
2.34 16
2.35 16
2.36 16
2.37 16
2.38 16
2.39 16
2.40 16
2.41 16
2.42 15
2.43 15
2.44 15
2.45 15
2.46 15
2.47 15
2.48 15
2.49 15
2.50 15
2.51 15
2.52 15
2.53 15
2.54 15
2.55 15
2.56 15
2.57 15
2.58 15
2.59 15
2.60 14
2.61 14
2.62 14
2.63 14
2.64 14
2.65 14
2.66 14
2.67 14
2.68 14
2.69 14
2.70 14
2.71 14
2.72 14
2.73 14
2.74 14
2.75 14
2.76 14
2.77 14
2.78 14
2.79 14
2.80 13
2.81 13
2.82 13
2.83 13
2.84 13
2.85 13
2.86 13
2.87 13
2.88 13
2.89 13
2.90 13
2.91 13
2.92 13
2.93 13
2.94 13
2.95 13
2.96 13
2.97 13
2.98 13
2.99 13
3.00 13

----------------------------------------------------------------------------------------------------
N* from FAC approximation
----------------------------------------------------------------------------------------------------
1.00 39
3.00 39

----------------------------------------------------------------------------------------------------
N* from FAC Multihomogeneous Bézout
----------------------------------------------------------------------------------------------------
1.00 21
3.00 21

----------------------------------------------------------------------------------------------------
N* from FAC Classical Bézout
----------------------------------------------------------------------------------------------------
1.00 21
3.00 21

----------------------------------------------------------------------------------------------------
PCICO
----------------------------------------------------------------------------------------------------

----------------------------------------------------------------------------------------------------
N* from GB approximation: Approx
----------------------------------------------------------------------------------------------------
1.00 59
1.01 59
1.02 58
1.03 58
1.04 57
1.05 56
1.06 56
1.07 55
1.08 55
1.09 54
1.10 54
1.11 53
1.12 53
1.13 53
1.14 52
1.15 52
1.16 51
1.17 51
1.18 50
1.19 50
1.20 50
1.21 49
1.22 49
1.23 48
1.24 48
1.25 48
1.26 47
1.27 47
1.28 47
1.29 46
1.30 46
1.31 46
1.32 45
1.33 45
1.34 45
1.35 44
1.36 44
1.37 44
1.38 43
1.39 43
1.40 43
1.41 42
1.42 42
1.43 42
1.44 42
1.45 41
1.46 41
1.47 41
1.48 40
1.49 40
1.50 40
1.51 40
1.52 39
1.53 39
1.54 39
1.55 39
1.56 38
1.57 38
1.58 38
1.59 38
1.60 37
1.61 37
1.62 37
1.63 37
1.64 37
1.65 36
1.66 36
1.67 36
1.68 36
1.69 36
1.70 35
1.71 35
1.72 35
1.73 35
1.74 35
1.75 34
1.76 34
1.77 34
1.78 34
1.79 34
1.80 33
1.81 33
1.82 33
1.83 33
1.84 33
1.85 33
1.86 32
1.87 32
1.88 32
1.89 32
1.90 32
1.91 32
1.92 31
1.93 31
1.94 31
1.95 31
1.96 31
1.97 31
1.98 31
1.99 30
2.00 30
2.01 30
2.02 30
2.03 30
2.04 30
2.05 30
2.06 29
2.07 29
2.08 29
2.09 29
2.10 29
2.11 29
2.12 29
2.13 28
2.14 28
2.15 28
2.16 28
2.17 28
2.18 28
2.19 28
2.20 28
2.21 27
2.22 27
2.23 27
2.24 27
2.25 27
2.26 27
2.27 27
2.28 27
2.29 27
2.30 26
2.31 26
2.32 26
2.33 26
2.34 26
2.35 26
2.36 26
2.37 26
2.38 26
2.39 25
2.40 25
2.41 25
2.42 25
2.43 25
2.44 25
2.45 25
2.46 25
2.47 25
2.48 25
2.49 24
2.50 24
2.51 24
2.52 24
2.53 24
2.54 24
2.55 24
2.56 24
2.57 24
2.58 24
2.59 24
2.60 23
2.61 23
2.62 23
2.63 23
2.64 23
2.65 23
2.66 23
2.67 23
2.68 23
2.69 23
2.70 23
2.71 23
2.72 22
2.73 22
2.74 22
2.75 22
2.76 22
2.77 22
2.78 22
2.79 22
2.80 22
2.81 22
2.82 22
2.83 22
2.84 22
2.85 22
2.86 21
2.87 21
2.88 21
2.89 21
2.90 21
2.91 21
2.92 21
2.93 21
2.94 21
2.95 21
2.96 21
2.97 21
2.98 21
2.99 21
3.00 20

----------------------------------------------------------------------------------------------------
N* from GB Macaulay
----------------------------------------------------------------------------------------------------
1.00 38
1.01 37
1.02 37
1.03 37
1.04 37
1.05 36
1.06 36
1.07 36
1.08 35
1.09 35
1.10 35
1.11 35
1.12 34
1.13 34
1.14 34
1.15 34
1.16 33
1.17 33
1.18 33
1.19 33
1.20 33
1.21 32
1.22 32
1.23 32
1.24 32
1.25 32
1.26 31
1.27 31
1.28 31
1.29 31
1.30 31
1.31 30
1.32 30
1.33 30
1.34 30
1.35 30
1.36 29
1.37 29
1.38 29
1.39 29
1.40 29
1.41 29
1.42 29
1.43 28
1.44 28
1.45 28
1.46 28
1.47 28
1.48 28
1.49 27
1.50 27
1.51 27
1.52 27
1.53 27
1.54 27
1.55 27
1.56 26
1.57 26
1.58 26
1.59 26
1.60 26
1.61 26
1.62 26
1.63 26
1.64 25
1.65 25
1.66 25
1.67 25
1.68 25
1.69 25
1.70 25
1.71 25
1.72 24
1.73 24
1.74 24
1.75 24
1.76 24
1.77 24
1.78 24
1.79 24
1.80 24
1.81 24
1.82 23
1.83 23
1.84 23
1.85 23
1.86 23
1.87 23
1.88 23
1.89 23
1.90 23
1.91 23
1.92 22
1.93 22
1.94 22
1.95 22
1.96 22
1.97 22
1.98 22
1.99 22
2.00 22
2.01 22
2.02 22
2.03 22
2.04 21
2.05 21
2.06 21
2.07 21
2.08 21
2.09 21
2.10 21
2.11 21
2.12 21
2.13 21
2.14 21
2.15 21
2.16 20
2.17 20
2.18 20
2.19 20
2.20 20
2.21 20
2.22 20
2.23 20
2.24 20
2.25 20
2.26 20
2.27 20
2.28 20
2.29 20
2.30 20
2.31 19
2.32 19
2.33 19
2.34 19
2.35 19
2.36 19
2.37 19
2.38 19
2.39 19
2.40 19
2.41 19
2.42 19
2.43 19
2.44 19
2.45 19
2.46 19
2.47 18
2.48 18
2.49 18
2.50 18
2.51 18
2.52 18
2.53 18
2.54 18
2.55 18
2.56 18
2.57 18
2.58 18
2.59 18
2.60 18
2.61 18
2.62 18
2.63 18
2.64 18
2.65 17
2.66 17
2.67 17
2.68 17
2.69 17
2.70 17
2.71 17
2.72 17
2.73 17
2.74 17
2.75 17
2.76 17
2.77 17
2.78 17
2.79 17
2.80 17
2.81 17
2.82 17
2.83 17
2.84 17
2.85 16
2.86 16
2.87 16
2.88 16
2.89 16
2.90 16
2.91 16
2.92 16
2.93 16
2.94 16
2.95 16
2.96 16
2.97 16
2.98 16
2.99 16
3.00 16

----------------------------------------------------------------------------------------------------
N* from FGLM approximation
----------------------------------------------------------------------------------------------------
1.00 68
1.01 67
1.02 67
1.03 66
1.04 65
1.05 65
1.06 64
1.07 64
1.08 63
1.09 62
1.10 62
1.11 61
1.12 61
1.13 60
1.14 60
1.15 59
1.16 59
1.17 58
1.18 58
1.19 57
1.20 57
1.21 56
1.22 56
1.23 55
1.24 55
1.25 55
1.26 54
1.27 54
1.28 53
1.29 53
1.30 53
1.31 52
1.32 52
1.33 51
1.34 51
1.35 51
1.36 50
1.37 50
1.38 50
1.39 49
1.40 49
1.41 48
1.42 48
1.43 48
1.44 47
1.45 47
1.46 47
1.47 47
1.48 46
1.49 46
1.50 46
1.51 45
1.52 45
1.53 45
1.54 44
1.55 44
1.56 44
1.57 44
1.58 43
1.59 43
1.60 43
1.61 43
1.62 42
1.63 42
1.64 42
1.65 42
1.66 41
1.67 41
1.68 41
1.69 41
1.70 40
1.71 40
1.72 40
1.73 40
1.74 39
1.75 39
1.76 39
1.77 39
1.78 39
1.79 38
1.80 38
1.81 38
1.82 38
1.83 38
1.84 37
1.85 37
1.86 37
1.87 37
1.88 37
1.89 36
1.90 36
1.91 36
1.92 36
1.93 36
1.94 35
1.95 35
1.96 35
1.97 35
1.98 35
1.99 35
2.00 34
2.01 34
2.02 34
2.03 34
2.04 34
2.05 34
2.06 33
2.07 33
2.08 33
2.09 33
2.10 33
2.11 33
2.12 32
2.13 32
2.14 32
2.15 32
2.16 32
2.17 32
2.18 32
2.19 31
2.20 31
2.21 31
2.22 31
2.23 31
2.24 31
2.25 31
2.26 31
2.27 30
2.28 30
2.29 30
2.30 30
2.31 30
2.32 30
2.33 30
2.34 29
2.35 29
2.36 29
2.37 29
2.38 29
2.39 29
2.40 29
2.41 29
2.42 29
2.43 28
2.44 28
2.45 28
2.46 28
2.47 28
2.48 28
2.49 28
2.50 28
2.51 28
2.52 27
2.53 27
2.54 27
2.55 27
2.56 27
2.57 27
2.58 27
2.59 27
2.60 27
2.61 27
2.62 26
2.63 26
2.64 26
2.65 26
2.66 26
2.67 26
2.68 26
2.69 26
2.70 26
2.71 26
2.72 25
2.73 25
2.74 25
2.75 25
2.76 25
2.77 25
2.78 25
2.79 25
2.80 25
2.81 25
2.82 25
2.83 25
2.84 24
2.85 24
2.86 24
2.87 24
2.88 24
2.89 24
2.90 24
2.91 24
2.92 24
2.93 24
2.94 24
2.95 24
2.96 23
2.97 23
2.98 23
2.99 23
3.00 23

----------------------------------------------------------------------------------------------------
N* from FGLM Multihomogeneous Bézout
----------------------------------------------------------------------------------------------------
1.00 64
1.01 64
1.02 63
1.03 63
1.04 62
1.05 61
1.06 61
1.07 60
1.08 60
1.09 59
1.10 59
1.11 58
1.12 58
1.13 57
1.14 57
1.15 56
1.16 56
1.17 55
1.18 55
1.19 54
1.20 54
1.21 53
1.22 53
1.23 53
1.24 52
1.25 52
1.26 51
1.27 51
1.28 51
1.29 50
1.30 50
1.31 49
1.32 49
1.33 49
1.34 48
1.35 48
1.36 48
1.37 47
1.38 47
1.39 47
1.40 46
1.41 46
1.42 46
1.43 45
1.44 45
1.45 45
1.46 44
1.47 44
1.48 44
1.49 44
1.50 43
1.51 43
1.52 43
1.53 42
1.54 42
1.55 42
1.56 42
1.57 41
1.58 41
1.59 41
1.60 41
1.61 40
1.62 40
1.63 40
1.64 40
1.65 39
1.66 39
1.67 39
1.68 39
1.69 38
1.70 38
1.71 38
1.72 38
1.73 38
1.74 37
1.75 37
1.76 37
1.77 37
1.78 37
1.79 36
1.80 36
1.81 36
1.82 36
1.83 36
1.84 35
1.85 35
1.86 35
1.87 35
1.88 35
1.89 34
1.90 34
1.91 34
1.92 34
1.93 34
1.94 34
1.95 33
1.96 33
1.97 33
1.98 33
1.99 33
2.00 33
2.01 32
2.02 32
2.03 32
2.04 32
2.05 32
2.06 32
2.07 32
2.08 31
2.09 31
2.10 31
2.11 31
2.12 31
2.13 31
2.14 31
2.15 30
2.16 30
2.17 30
2.18 30
2.19 30
2.20 30
2.21 30
2.22 29
2.23 29
2.24 29
2.25 29
2.26 29
2.27 29
2.28 29
2.29 29
2.30 28
2.31 28
2.32 28
2.33 28
2.34 28
2.35 28
2.36 28
2.37 28
2.38 28
2.39 27
2.40 27
2.41 27
2.42 27
2.43 27
2.44 27
2.45 27
2.46 27
2.47 27
2.48 26
2.49 26
2.50 26
2.51 26
2.52 26
2.53 26
2.54 26
2.55 26
2.56 26
2.57 26
2.58 25
2.59 25
2.60 25
2.61 25
2.62 25
2.63 25
2.64 25
2.65 25
2.66 25
2.67 25
2.68 25
2.69 24
2.70 24
2.71 24
2.72 24
2.73 24
2.74 24
2.75 24
2.76 24
2.77 24
2.78 24
2.79 24
2.80 23
2.81 23
2.82 23
2.83 23
2.84 23
2.85 23
2.86 23
2.87 23
2.88 23
2.89 23
2.90 23
2.91 23
2.92 23
2.93 22
2.94 22
2.95 22
2.96 22
2.97 22
2.98 22
2.99 22
3.00 22

----------------------------------------------------------------------------------------------------
N* from FGLM Classical Bézout
----------------------------------------------------------------------------------------------------
1.00 47
1.01 46
1.02 46
1.03 46
1.04 45
1.05 45
1.06 45
1.07 44
1.08 44
1.09 44
1.10 43
1.11 43
1.12 43
1.13 42
1.14 42
1.15 42
1.16 41
1.17 41
1.18 41
1.19 41
1.20 40
1.21 40
1.22 40
1.23 40
1.24 39
1.25 39
1.26 39
1.27 39
1.28 38
1.29 38
1.30 38
1.31 38
1.32 37
1.33 37
1.34 37
1.35 37
1.36 36
1.37 36
1.38 36
1.39 36
1.40 36
1.41 35
1.42 35
1.43 35
1.44 35
1.45 35
1.46 34
1.47 34
1.48 34
1.49 34
1.50 34
1.51 33
1.52 33
1.53 33
1.54 33
1.55 33
1.56 33
1.57 32
1.58 32
1.59 32
1.60 32
1.61 32
1.62 32
1.63 31
1.64 31
1.65 31
1.66 31
1.67 31
1.68 31
1.69 31
1.70 30
1.71 30
1.72 30
1.73 30
1.74 30
1.75 30
1.76 30
1.77 29
1.78 29
1.79 29
1.80 29
1.81 29
1.82 29
1.83 29
1.84 29
1.85 28
1.86 28
1.87 28
1.88 28
1.89 28
1.90 28
1.91 28
1.92 28
1.93 27
1.94 27
1.95 27
1.96 27
1.97 27
1.98 27
1.99 27
2.00 27
2.01 27
2.02 26
2.03 26
2.04 26
2.05 26
2.06 26
2.07 26
2.08 26
2.09 26
2.10 26
2.11 26
2.12 25
2.13 25
2.14 25
2.15 25
2.16 25
2.17 25
2.18 25
2.19 25
2.20 25
2.21 25
2.22 25
2.23 24
2.24 24
2.25 24
2.26 24
2.27 24
2.28 24
2.29 24
2.30 24
2.31 24
2.32 24
2.33 24
2.34 24
2.35 23
2.36 23
2.37 23
2.38 23
2.39 23
2.40 23
2.41 23
2.42 23
2.43 23
2.44 23
2.45 23
2.46 23
2.47 22
2.48 22
2.49 22
2.50 22
2.51 22
2.52 22
2.53 22
2.54 22
2.55 22
2.56 22
2.57 22
2.58 22
2.59 22
2.60 22
2.61 22
2.62 21
2.63 21
2.64 21
2.65 21
2.66 21
2.67 21
2.68 21
2.69 21
2.70 21
2.71 21
2.72 21
2.73 21
2.74 21
2.75 21
2.76 21
2.77 20
2.78 20
2.79 20
2.80 20
2.81 20
2.82 20
2.83 20
2.84 20
2.85 20
2.86 20
2.87 20
2.88 20
2.89 20
2.90 20
2.91 20
2.92 20
2.93 20
2.94 20
2.95 19
2.96 19
2.97 19
2.98 19
2.99 19
3.00 19

----------------------------------------------------------------------------------------------------
N* from FAC approximation
----------------------------------------------------------------------------------------------------
1.00 39
3.00 39

----------------------------------------------------------------------------------------------------
N* from FAC Multihomogeneous Bézout
----------------------------------------------------------------------------------------------------
1.00 37
3.00 37

----------------------------------------------------------------------------------------------------
N* from FAC Classical Bézout
----------------------------------------------------------------------------------------------------
1.00 29
3.00 29

