----------------------------------------------------------------------------------------------------
Table data for p=65537, n=1
----------------------------------------------------------------------------------------------------

----------------------------------------------------------------------------------------------------
Ordering: o=1
----------------------------------------------------------------------------------------------------
(1,5.00)
(2,11.00)
(3,15.00)
(4,21.00)
(5,26.00)
(6,31.00)
(7,37.00)
(8,44.00)

----------------------------------------------------------------------------------------------------
Ordering: o=2
----------------------------------------------------------------------------------------------------
(1,5.00)
(2,11.00)
(3,17.00)
(4,22.00)
(5,29.00)
(6,35.00)
(7,40.00)
(8,45.00)

----------------------------------------------------------------------------------------------------
Ordering: o=3
----------------------------------------------------------------------------------------------------
(1,5.00)
(2,12.00)
(3,17.00)
(4,23.00)
(5,28.00)
(6,33.00)
(7,39.00)
(8,47.00)

