----------------------------------------------------------------------------------------------------
Table data for p=2, n=15
----------------------------------------------------------------------------------------------------

----------------------------------------------------------------------------------------------------
Ordering: o=1
----------------------------------------------------------------------------------------------------
(1,3.00)
(2,13.00)
(3,17.00)
(4,20.00)
(5,23.00)
(6,25.00)
(7,27.00)
(8,29.00)
(9,31.00)
(10,32.00)

----------------------------------------------------------------------------------------------------
Ordering: o=2
----------------------------------------------------------------------------------------------------
(1,3.00)
(2,13.00)
(3,17.00)
(4,20.00)
(5,23.00)
(6,25.00)
(7,27.00)
(8,29.00)
(9,31.00)
(10,32.00)

----------------------------------------------------------------------------------------------------
Ordering: o=3
----------------------------------------------------------------------------------------------------
(1,3.00)
(2,15.00)
(3,26.00)
(4,37.00)
(5,46.00)
(6,57.00)

