----------------------------------------------------------------------------------------------------
Table data for p=2, n=15
----------------------------------------------------------------------------------------------------

----------------------------------------------------------------------------------------------------
Ordering: o=1
----------------------------------------------------------------------------------------------------
(1,3.00)
(2,6.00)
(3,6.00)
(4,6.00)
(5,6.00)
(6,6.00)
(7,6.00)
(8,6.00)
(9,6.00)
(10,6.00)

----------------------------------------------------------------------------------------------------
Ordering: o=2
----------------------------------------------------------------------------------------------------
(1,3.00)
(2,6.00)
(3,6.00)
(4,6.00)
(5,6.00)
(6,6.00)
(7,6.00)
(8,6.00)
(9,6.00)
(10,6.00)

----------------------------------------------------------------------------------------------------
Ordering: o=3
----------------------------------------------------------------------------------------------------
(1,3.00)
(2,8.00)
(3,12.00)
(4,16.00)
(5,18.00)
(6,22.00)

