----------------------------------------------------------------------------------------------------
Table data for p=65537, n=1
----------------------------------------------------------------------------------------------------

----------------------------------------------------------------------------------------------------
Ordering: o=1
----------------------------------------------------------------------------------------------------
(1,4.00)
(2,7.00)
(3,8.00)
(4,11.00)
(5,13.00)
(6,15.00)
(7,17.00)
(8,21.00)

----------------------------------------------------------------------------------------------------
Ordering: o=2
----------------------------------------------------------------------------------------------------
(1,4.00)
(2,7.00)
(3,10.00)
(4,12.00)
(5,16.00)
(6,18.00)
(7,20.00)
(8,22.00)

----------------------------------------------------------------------------------------------------
Ordering: o=3
----------------------------------------------------------------------------------------------------
(1,4.00)
(2,8.00)
(3,10.00)
(4,13.00)
(5,15.00)
(6,16.00)
(7,19.00)
(8,24.00)

