----------------------------------------------------------------------------------------------------
Table data for p=65537, n=1
----------------------------------------------------------------------------------------------------

----------------------------------------------------------------------------------------------------
Ordering: o=1
----------------------------------------------------------------------------------------------------
(1,0.01)
(2,0.01)
(3,0.01)
(4,0.02)
(5,0.13)
(6,1.56)
(7,45.98)
(8,1731.22)

----------------------------------------------------------------------------------------------------
Ordering: o=2
----------------------------------------------------------------------------------------------------
(1,0.01)
(2,0.01)
(3,0.01)
(4,0.05)
(5,0.37)
(6,10.55)
(7,711.95)
(8,30020.65)

----------------------------------------------------------------------------------------------------
Ordering: o=3
----------------------------------------------------------------------------------------------------
(1,0.01)
(2,0.01)
(3,0.01)
(4,0.05)
(5,0.36)
(6,4.71)
(7,194.59)
(8,7612.14)

