----------------------------------------------------------------------------------------------------
Table data for p=2, n=15
----------------------------------------------------------------------------------------------------

----------------------------------------------------------------------------------------------------
Ordering: o=1
----------------------------------------------------------------------------------------------------
(1,0.01)
(2,0.01)
(3,0.01)
(4,0.01)
(5,0.01)
(6,0.01)
(7,0.01)
(8,0.01)
(9,0.01)
(10,0.01)

----------------------------------------------------------------------------------------------------
Ordering: o=2
----------------------------------------------------------------------------------------------------
(1,0.01)
(2,0.01)
(3,0.01)
(4,0.01)
(5,0.01)
(6,0.01)
(7,0.01)
(8,0.01)
(9,0.01)
(10,0.01)

----------------------------------------------------------------------------------------------------
Ordering: o=3
----------------------------------------------------------------------------------------------------
(1,0.01)
(2,0.01)
(3,0.03)
(4,1.22)
(5,81.49)
(6,2962.33)

